mean daily discharge [m/s]
YYYY	MM	DD	HH	1598.2
YYYY	MM	DD	HH	221847.733
YYYY	MM	DD	HH	42720.77
YYYY	MM	DD	HH	Fundus_1989
2013	1	1	0	-9999
2013	1	2	0	-9999
2013	1	3	0	-9999
2013	1	4	0	-9999
2013	1	5	0	-9999
2013	1	6	0	-9999
2013	1	7	0	-9999
2013	1	8	0	-9999
2013	1	9	0	-9999
2013	1	10	0	-9999
2013	1	11	0	-9999
2013	1	12	0	-9999
2013	1	13	0	-9999
2013	1	14	0	-9999
2013	1	15	0	-9999
2013	1	16	0	-9999
2013	1	17	0	-9999
2013	1	18	0	-9999
2013	1	19	0	-9999
2013	1	20	0	-9999
2013	1	21	0	-9999
2013	1	22	0	-9999
2013	1	23	0	-9999
2013	1	24	0	-9999
2013	1	25	0	-9999
2013	1	26	0	-9999
2013	1	27	0	-9999
2013	1	28	0	-9999
2013	1	29	0	-9999
2013	1	30	0	-9999
2013	1	31	0	-9999
2013	2	1	0	-9999
2013	2	2	0	-9999
2013	2	3	0	-9999
2013	2	4	0	-9999
2013	2	5	0	-9999
2013	2	6	0	-9999
2013	2	7	0	-9999
2013	2	8	0	-9999
2013	2	9	0	-9999
2013	2	10	0	-9999
2013	2	11	0	-9999
2013	2	12	0	-9999
2013	2	13	0	-9999
2013	2	14	0	-9999
2013	2	15	0	-9999
2013	2	16	0	-9999
2013	2	17	0	-9999
2013	2	18	0	-9999
2013	2	19	0	-9999
2013	2	20	0	-9999
2013	2	21	0	-9999
2013	2	22	0	-9999
2013	2	23	0	-9999
2013	2	24	0	-9999
2013	2	25	0	-9999
2013	2	26	0	-9999
2013	2	27	0	-9999
2013	2	28	0	-9999
2013	3	1	0	-9999
2013	3	2	0	-9999
2013	3	3	0	-9999
2013	3	4	0	-9999
2013	3	5	0	-9999
2013	3	6	0	-9999
2013	3	7	0	-9999
2013	3	8	0	-9999
2013	3	9	0	-9999
2013	3	10	0	-9999
2013	3	11	0	-9999
2013	3	12	0	-9999
2013	3	13	0	-9999
2013	3	14	0	-9999
2013	3	15	0	-9999
2013	3	16	0	-9999
2013	3	17	0	-9999
2013	3	18	0	-9999
2013	3	19	0	-9999
2013	3	20	0	-9999
2013	3	21	0	-9999
2013	3	22	0	-9999
2013	3	23	0	-9999
2013	3	24	0	-9999
2013	3	25	0	-9999
2013	3	26	0	-9999
2013	3	27	0	-9999
2013	3	28	0	-9999
2013	3	29	0	-9999
2013	3	30	0	-9999
2013	3	31	0	-9999
2013	4	1	0	-9999
2013	4	2	0	-9999
2013	4	3	0	-9999
2013	4	4	0	-9999
2013	4	5	0	-9999
2013	4	6	0	-9999
2013	4	7	0	-9999
2013	4	8	0	-9999
2013	4	9	0	-9999
2013	4	10	0	-9999
2013	4	11	0	-9999
2013	4	12	0	-9999
2013	4	13	0	-9999
2013	4	14	0	-9999
2013	4	15	0	-9999
2013	4	16	0	-9999
2013	4	17	0	-9999
2013	4	18	0	-9999
2013	4	19	0	-9999
2013	4	20	0	-9999
2013	4	21	0	-9999
2013	4	22	0	-9999
2013	4	23	0	-9999
2013	4	24	0	-9999
2013	4	25	0	-9999
2013	4	26	0	-9999
2013	4	27	0	-9999
2013	4	28	0	-9999
2013	4	29	0	-9999
2013	4	30	0	-9999
2013	5	1	0	-9999
2013	5	2	0	-9999
2013	5	3	0	-9999
2013	5	4	0	-9999
2013	5	5	0	-9999
2013	5	6	0	-9999
2013	5	7	0	-9999
2013	5	8	0	-9999
2013	5	9	0	-9999
2013	5	10	0	-9999
2013	5	11	0	-9999
2013	5	12	0	-9999
2013	5	13	0	-9999
2013	5	14	0	-9999
2013	5	15	0	-9999
2013	5	16	0	-9999
2013	5	17	0	-9999
2013	5	18	0	-9999
2013	5	19	0	-9999
2013	5	20	0	-9999
2013	5	21	0	-9999
2013	5	22	0	-9999
2013	5	23	0	-9999
2013	5	24	0	-9999
2013	5	25	0	-9999
2013	5	26	0	-9999
2013	5	27	0	-9999
2013	5	28	0	-9999
2013	5	29	0	-9999
2013	5	30	0	-9999
2013	5	31	0	-9999
2013	6	1	0	-9999
2013	6	2	0	-9999
2013	6	3	0	-9999
2013	6	4	0	-9999
2013	6	5	0	-9999
2013	6	6	0	-9999
2013	6	7	0	-9999
2013	6	8	0	-9999
2013	6	9	0	-9999
2013	6	10	0	-9999
2013	6	11	0	-9999
2013	6	12	0	-9999
2013	6	13	0	-9999
2013	6	14	0	-9999
2013	6	15	0	-9999
2013	6	16	0	-9999
2013	6	17	0	-9999
2013	6	18	0	-9999
2013	6	19	0	-9999
2013	6	20	0	-9999
2013	6	21	0	-9999
2013	6	22	0	-9999
2013	6	23	0	-9999
2013	6	24	0	-9999
2013	6	25	0	-9999
2013	6	26	0	-9999
2013	6	27	0	-9999
2013	6	28	0	-9999
2013	6	29	0	-9999
2013	6	30	0	-9999
2013	7	1	0	-9999
2013	7	2	0	-9999
2013	7	3	0	-9999
2013	7	4	0	-9999
2013	7	5	0	-9999
2013	7	6	0	-9999
2013	7	7	0	-9999
2013	7	8	0	-9999
2013	7	9	0	-9999
2013	7	10	0	-9999
2013	7	11	0	-9999
2013	7	12	0	-9999
2013	7	13	0	-9999
2013	7	14	0	-9999
2013	7	15	0	-9999
2013	7	16	0	-9999
2013	7	17	0	-9999
2013	7	18	0	-9999
2013	7	19	0	-9999
2013	7	20	0	-9999
2013	7	21	0	-9999
2013	7	22	0	-9999
2013	7	23	0	-9999
2013	7	24	0	-9999
2013	7	25	0	-9999
2013	7	26	0	-9999
2013	7	27	0	-9999
2013	7	28	0	-9999
2013	7	29	0	-9999
2013	7	30	0	-9999
2013	7	31	0	-9999
2013	8	1	0	-9999
2013	8	2	0	-9999
2013	8	3	0	-9999
2013	8	4	0	-9999
2013	8	5	0	-9999
2013	8	6	0	-9999
2013	8	7	0	-9999
2013	8	8	0	-9999
2013	8	9	0	-9999
2013	8	10	0	-9999
2013	8	11	0	-9999
2013	8	12	0	-9999
2013	8	13	0	-9999
2013	8	14	0	-9999
2013	8	15	0	-9999
2013	8	16	0	-9999
2013	8	17	0	-9999
2013	8	18	0	-9999
2013	8	19	0	-9999
2013	8	20	0	-9999
2013	8	21	0	-9999
2013	8	22	0	-9999
2013	8	23	0	-9999
2013	8	24	0	-9999
2013	8	25	0	-9999
2013	8	26	0	-9999
2013	8	27	0	-9999
2013	8	28	0	-9999
2013	8	29	0	-9999
2013	8	30	0	-9999
2013	8	31	0	-9999
2013	9	1	0	-9999
2013	9	2	0	-9999
2013	9	3	0	-9999
2013	9	4	0	-9999
2013	9	5	0	-9999
2013	9	6	0	-9999
2013	9	7	0	-9999
2013	9	8	0	-9999
2013	9	9	0	-9999
2013	9	10	0	-9999
2013	9	11	0	-9999
2013	9	12	0	-9999
2013	9	13	0	-9999
2013	9	14	0	-9999
2013	9	15	0	-9999
2013	9	16	0	-9999
2013	9	17	0	-9999
2013	9	18	0	-9999
2013	9	19	0	-9999
2013	9	20	0	-9999
2013	9	21	0	-9999
2013	9	22	0	-9999
2013	9	23	0	-9999
2013	9	24	0	-9999
2013	9	25	0	-9999
2013	9	26	0	-9999
2013	9	27	0	-9999
2013	9	28	0	-9999
2013	9	29	0	-9999
2013	9	30	0	-9999
2013	10	1	0	-9999
2013	10	2	0	-9999
2013	10	3	0	-9999
2013	10	4	0	-9999
2013	10	5	0	-9999
2013	10	6	0	-9999
2013	10	7	0	-9999
2013	10	8	0	-9999
2013	10	9	0	-9999
2013	10	10	0	-9999
2013	10	11	0	-9999
2013	10	12	0	-9999
2013	10	13	0	-9999
2013	10	14	0	-9999
2013	10	15	0	-9999
2013	10	16	0	-9999
2013	10	17	0	-9999
2013	10	18	0	-9999
2013	10	19	0	-9999
2013	10	20	0	-9999
2013	10	21	0	-9999
2013	10	22	0	-9999
2013	10	23	0	-9999
2013	10	24	0	-9999
2013	10	25	0	-9999
2013	10	26	0	-9999
2013	10	27	0	-9999
2013	10	28	0	-9999
2013	10	29	0	-9999
2013	10	30	0	-9999
2013	10	31	0	-9999
2013	11	1	0	-9999
2013	11	2	0	-9999
2013	11	3	0	-9999
2013	11	4	0	-9999
2013	11	5	0	-9999
2013	11	6	0	-9999
2013	11	7	0	-9999
2013	11	8	0	-9999
2013	11	9	0	-9999
2013	11	10	0	-9999
2013	11	11	0	-9999
2013	11	12	0	-9999
2013	11	13	0	-9999
2013	11	14	0	-9999
2013	11	15	0	-9999
2013	11	16	0	-9999
2013	11	17	0	-9999
2013	11	18	0	-9999
2013	11	19	0	-9999
2013	11	20	0	-9999
2013	11	21	0	-9999
2013	11	22	0	-9999
2013	11	23	0	-9999
2013	11	24	0	-9999
2013	11	25	0	-9999
2013	11	26	0	-9999
2013	11	27	0	-9999
2013	11	28	0	-9999
2013	11	29	0	-9999
2013	11	30	0	-9999
2013	12	1	0	-9999
2013	12	2	0	-9999
2013	12	3	0	-9999
2013	12	4	0	-9999
2013	12	5	0	-9999
2013	12	6	0	-9999
2013	12	7	0	-9999
2013	12	8	0	-9999
2013	12	9	0	-9999
2013	12	10	0	-9999
2013	12	11	0	-9999
2013	12	12	0	-9999
2013	12	13	0	-9999
2013	12	14	0	-9999
2013	12	15	0	-9999
2013	12	16	0	-9999
2013	12	17	0	-9999
2013	12	18	0	-9999
2013	12	19	0	-9999
2013	12	20	0	-9999
2013	12	21	0	-9999
2013	12	22	0	-9999
2013	12	23	0	-9999
2013	12	24	0	-9999
2013	12	25	0	-9999
2013	12	26	0	-9999
2013	12	27	0	-9999
2013	12	28	0	-9999
2013	12	29	0	-9999
2013	12	30	0	-9999
2013	12	31	0	-9999
2014	1	1	0	0.069
2014	1	2	0	0.067
2014	1	3	0	0.065
2014	1	4	0	0.065
2014	1	5	0	0.065
2014	1	6	0	0.061
2014	1	7	0	0.06
2014	1	8	0	0.059
2014	1	9	0	0.059
2014	1	10	0	0.059
2014	1	11	0	0.058
2014	1	12	0	0.055
2014	1	13	0	0.057
2014	1	14	0	0.058
2014	1	15	0	0.057
2014	1	16	0	0.058
2014	1	17	0	0.057
2014	1	18	0	0.056
2014	1	19	0	0.056
2014	1	20	0	0.056
2014	1	21	0	0.055
2014	1	22	0	0.05
2014	1	23	0	0.05
2014	1	24	0	0.05
2014	1	25	0	0.048
2014	1	26	0	0.051
2014	1	27	0	0.048
2014	1	28	0	0.048
2014	1	29	0	0.047
2014	1	30	0	0.047
2014	1	31	0	0.046
2014	2	1	0	0.046
2014	2	2	0	0.045
2014	2	3	0	0.043
2014	2	4	0	0.041
2014	2	5	0	0.04
2014	2	6	0	0.038
2014	2	7	0	0.039
2014	2	8	0	0.039
2014	2	9	0	0.039
2014	2	10	0	0.038
2014	2	11	0	0.038
2014	2	12	0	0.036
2014	2	13	0	0.037
2014	2	14	0	0.036
2014	2	15	0	0.035
2014	2	16	0	0.035
2014	2	17	0	0.034
2014	2	18	0	0.033
2014	2	19	0	0.033
2014	2	20	0	0.033
2014	2	21	0	0.033
2014	2	22	0	0.031
2014	2	23	0	0.03
2014	2	24	0	0.029
2014	2	25	0	0.029
2014	2	26	0	0.029
2014	2	27	0	0.028
2014	2	28	0	0.028
2014	3	1	0	0.027
2014	3	2	0	0.028
2014	3	3	0	0.026
2014	3	4	0	0.025
2014	3	5	0	0.025
2014	3	6	0	0.024
2014	3	7	0	0.024
2014	3	8	0	0.024
2014	3	9	0	0.025
2014	3	10	0	0.025
2014	3	11	0	0.025
2014	3	12	0	0.025
2014	3	13	0	0.026
2014	3	14	0	0.027
2014	3	15	0	0.029
2014	3	16	0	0.03
2014	3	17	0	0.031
2014	3	18	0	0.033
2014	3	19	0	0.036
2014	3	20	0	0.037
2014	3	21	0	0.042
2014	3	22	0	0.046
2014	3	23	0	0.051
2014	3	24	0	0.046
2014	3	25	0	0.043
2014	3	26	0	0.04
2014	3	27	0	0.039
2014	3	28	0	0.037
2014	3	29	0	0.037
2014	3	30	0	0.038
2014	3	31	0	0.041
2014	4	1	0	0.047
2014	4	2	0	0.058
2014	4	3	0	0.066
2014	4	4	0	0.069
2014	4	5	0	0.075
2014	4	6	0	0.08
2014	4	7	0	0.096
2014	4	8	0	0.122
2014	4	9	0	0.132
2014	4	10	0	0.108
2014	4	11	0	0.105
2014	4	12	0	0.119
2014	4	13	0	0.132
2014	4	14	0	0.137
2014	4	15	0	0.13
2014	4	16	0	0.108
2014	4	17	0	0.097
2014	4	18	0	0.092
2014	4	19	0	0.088
2014	4	20	0	0.088
2014	4	21	0	0.105
2014	4	22	0	0.124
2014	4	23	0	0.15
2014	4	24	0	0.195
2014	4	25	0	0.233
2014	4	26	0	0.341
2014	4	27	0	0.387
2014	4	28	0	0.34
2014	4	29	0	0.326
2014	4	30	0	0.36
2014	5	1	0	0.408
2014	5	2	0	0.425
2014	5	3	0	0.419
2014	5	4	0	0.37
2014	5	5	0	0.347
2014	5	6	0	0.341
2014	5	7	0	0.415
2014	5	8	0	0.46
2014	5	9	0	0.468
2014	5	10	0	0.52
2014	5	11	0	0.604
2014	5	12	0	0.567
2014	5	13	0	0.506
2014	5	14	0	0.442
2014	5	15	0	0.393
2014	5	16	0	0.354
2014	5	17	0	0.323
2014	5	18	0	0.31
2014	5	19	0	0.329
2014	5	20	0	0.371
2014	5	21	0	0.488
2014	5	22	0	0.666
2014	5	23	0	0.945
2014	5	24	0	0.948
2014	5	25	0	0.904
2014	5	26	0	0.903
2014	5	27	0	0.841
2014	5	28	0	0.776
2014	5	29	0	0.695
2014	5	30	0	0.62
2014	5	31	0	0.563
2014	6	1	0	0.535
2014	6	2	0	0.514
2014	6	3	0	0.489
2014	6	4	0	0.474
2014	6	5	0	0.55
2014	6	6	0	0.633
2014	6	7	0	0.832
2014	6	8	0	1.055
2014	6	9	0	1.292
2014	6	10	0	1.492
2014	6	11	0	1.626
2014	6	12	0	1.634
2014	6	13	0	1.618
2014	6	14	0	1.576
2014	6	15	0	1.314
2014	6	16	0	1.106
2014	6	17	0	0.948
2014	6	18	0	0.825
2014	6	19	0	0.739
2014	6	20	0	0.698
2014	6	21	0	0.667
2014	6	22	0	0.738
2014	6	23	0	0.963
2014	6	24	0	1.227
2014	6	25	0	1.122
2014	6	26	0	0.996
2014	6	27	0	0.972
2014	6	28	0	0.918
2014	6	29	0	0.995
2014	6	30	0	1.017
2014	7	1	0	0.87
2014	7	2	0	0.85
2014	7	3	0	0.891
2014	7	4	0	0.891
2014	7	5	0	0.969
2014	7	6	0	0.978
2014	7	7	0	1.006
2014	7	8	0	1.031
2014	7	9	0	1.01
2014	7	10	0	0.912
2014	7	11	0	1.086
2014	7	12	0	1.166
2014	7	13	0	1.169
2014	7	14	0	1.168
2014	7	15	0	1.202
2014	7	16	0	1.159
2014	7	17	0	1.132
2014	7	18	0	1.097
2014	7	19	0	1.026
2014	7	20	0	0.986
2014	7	21	0	1.066
2014	7	22	0	1.023
2014	7	23	0	0.981
2014	7	24	0	0.904
2014	7	25	0	0.854
2014	7	26	0	0.836
2014	7	27	0	0.864
2014	7	28	0	0.87
2014	7	29	0	0.885
2014	7	30	0	0.946
2014	7	31	0	1.383
2014	8	1	0	1.234
2014	8	2	0	1.118
2014	8	3	0	1.003
2014	8	4	0	0.907
2014	8	5	0	0.974
2014	8	6	0	0.876
2014	8	7	0	0.846
2014	8	8	0	0.815
2014	8	9	0	0.784
2014	8	10	0	0.742
2014	8	11	0	0.825
2014	8	12	0	0.852
2014	8	13	0	1.24
2014	8	14	0	1.349
2014	8	15	0	1.176
2014	8	16	0	1.064
2014	8	17	0	0.961
2014	8	18	0	0.878
2014	8	19	0	0.819
2014	8	20	0	0.782
2014	8	21	0	0.745
2014	8	22	0	0.691
2014	8	23	0	0.642
2014	8	24	0	0.604
2014	8	25	0	0.566
2014	8	26	0	0.565
2014	8	27	0	0.572
2014	8	28	0	0.543
2014	8	29	0	0.525
2014	8	30	0	0.58
2014	8	31	0	0.623
2014	9	1	0	0.717
2014	9	2	0	0.69
2014	9	3	0	0.665
2014	9	4	0	0.638
2014	9	5	0	0.617
2014	9	6	0	0.602
2014	9	7	0	0.588
2014	9	8	0	0.563
2014	9	9	0	0.555
2014	9	10	0	0.555
2014	9	11	0	0.533
2014	9	12	0	0.507
2014	9	13	0	0.485
2014	9	14	0	0.475
2014	9	15	0	0.463
2014	9	16	0	0.449
2014	9	17	0	0.435
2014	9	18	0	0.422
2014	9	19	0	0.414
2014	9	20	0	0.401
2014	9	21	0	0.398
2014	9	22	0	0.393
2014	9	23	0	0.368
2014	9	24	0	0.353
2014	9	25	0	0.344
2014	9	26	0	0.326
2014	9	27	0	0.311
2014	9	28	0	0.302
2014	9	29	0	0.293
2014	9	30	0	0.287
2014	10	1	0	0.326
2014	10	2	0	0.299
2014	10	3	0	0.288
2014	10	4	0	0.279
2014	10	5	0	0.277
2014	10	6	0	0.27
2014	10	7	0	0.263
2014	10	8	0	0.256
2014	10	9	0	0.251
2014	10	10	0	0.246
2014	10	11	0	0.246
2014	10	12	0	0.241
2014	10	13	0	0.238
2014	10	14	0	0.237
2014	10	15	0	0.231
2014	10	16	0	0.227
2014	10	17	0	0.229
2014	10	18	0	0.22
2014	10	19	0	0.211
2014	10	20	0	0.205
2014	10	21	0	0.241
2014	10	22	0	0.235
2014	10	23	0	0.226
2014	10	24	0	0.222
2014	10	25	0	0.224
2014	10	26	0	0.231
2014	10	27	0	0.23
2014	10	28	0	0.229
2014	10	29	0	0.226
2014	10	30	0	0.222
2014	10	31	0	0.22
2014	11	1	0	0.222
2014	11	2	0	0.225
2014	11	3	0	0.227
2014	11	4	0	0.232
2014	11	5	0	0.247
2014	11	6	0	0.264
2014	11	7	0	0.25
2014	11	8	0	0.249
2014	11	9	0	0.248
2014	11	10	0	0.244
2014	11	11	0	0.244
2014	11	12	0	0.246
2014	11	13	0	0.243
2014	11	14	0	0.237
2014	11	15	0	0.232
2014	11	16	0	0.235
2014	11	17	0	0.223
2014	11	18	0	0.223
2014	11	19	0	0.211
2014	11	20	0	0.202
2014	11	21	0	0.201
2014	11	22	0	0.198
2014	11	23	0	0.195
2014	11	24	0	0.195
2014	11	25	0	0.194
2014	11	26	0	0.194
2014	11	27	0	0.191
2014	11	28	0	0.186
2014	11	29	0	0.181
2014	11	30	0	0.178
2014	12	1	0	0.176
2014	12	2	0	0.173
2014	12	3	0	0.168
2014	12	4	0	0.166
2014	12	5	0	0.161
2014	12	6	0	0.159
2014	12	7	0	0.157
2014	12	8	0	0.154
2014	12	9	0	0.15
2014	12	10	0	0.145
2014	12	11	0	0.147
2014	12	12	0	0.141
2014	12	13	0	0.14
2014	12	14	0	0.137
2014	12	15	0	0.135
2014	12	16	0	0.134
2014	12	17	0	0.132
2014	12	18	0	0.132
2014	12	19	0	0.131
2014	12	20	0	0.127
2014	12	21	0	0.122
2014	12	22	0	0.122
2014	12	23	0	0.119
2014	12	24	0	0.119
2014	12	25	0	0.118
2014	12	26	0	0.116
2014	12	27	0	0.115
2014	12	28	0	0.117
2014	12	29	0	0.108
2014	12	30	0	0.117
2014	12	31	0	0.111
2015	1	1	0	0.11
2015	1	2	0	0.109
2015	1	3	0	0.115
2015	1	4	0	0.119
2015	1	5	0	0.106
2015	1	6	0	0.105
2015	1	7	0	0.104
2015	1	8	0	0.103
2015	1	9	0	0.104
2015	1	10	0	0.161
2015	1	11	0	0.123
2015	1	12	0	0.113
2015	1	13	0	0.106
2015	1	14	0	0.105
2015	1	15	0	0.105
2015	1	16	0	0.104
2015	1	17	0	0.104
2015	1	18	0	0.098
2015	1	19	0	0.096
2015	1	20	0	0.1
2015	1	21	0	0.097
2015	1	22	0	0.095
2015	1	23	0	0.094
2015	1	24	0	0.093
2015	1	25	0	0.092
2015	1	26	0	0.091
2015	1	27	0	0.093
2015	1	28	0	0.092
2015	1	29	0	0.092
2015	1	30	0	0.092
2015	1	31	0	0.09
2015	2	1	0	0.086
2015	2	2	0	0.085
2015	2	3	0	0.083
2015	2	4	0	0.082
2015	2	5	0	0.08
2015	2	6	0	0.078
2015	2	7	0	0.077
2015	2	8	0	0.076
2015	2	9	0	0.075
2015	2	10	0	0.073
2015	2	11	0	0.072
2015	2	12	0	0.071
2015	2	13	0	0.069
2015	2	14	0	0.069
2015	2	15	0	0.069
2015	2	16	0	0.067
2015	2	17	0	0.067
2015	2	18	0	0.065
2015	2	19	0	0.064
2015	2	20	0	0.064
2015	2	21	0	0.064
2015	2	22	0	0.065
2015	2	23	0	0.064
2015	2	24	0	0.064
2015	2	25	0	0.062
2015	2	26	0	0.06
2015	2	27	0	0.061
2015	2	28	0	0.06
2015	3	1	0	0.059
2015	3	2	0	0.062
2015	3	3	0	0.07
2015	3	4	0	0.061
2015	3	5	0	0.058
2015	3	6	0	0.058
2015	3	7	0	0.058
2015	3	8	0	0.057
2015	3	9	0	0.057
2015	3	10	0	0.057
2015	3	11	0	0.055
2015	3	12	0	0.053
2015	3	13	0	0.053
2015	3	14	0	0.053
2015	3	15	0	0.052
2015	3	16	0	0.053
2015	3	17	0	0.052
2015	3	18	0	0.052
2015	3	19	0	0.053
2015	3	20	0	0.052
2015	3	21	0	0.052
2015	3	22	0	0.052
2015	3	23	0	0.051
2015	3	24	0	0.052
2015	3	25	0	0.052
2015	3	26	0	0.054
2015	3	27	0	0.053
2015	3	28	0	0.052
2015	3	29	0	0.055
2015	3	30	0	0.07
2015	3	31	0	0.068
2015	4	1	0	0.056
2015	4	2	0	0.037
2015	4	3	0	0.041
2015	4	4	0	0.069
2015	4	5	0	0.053
2015	4	6	0	0.052
2015	4	7	0	0.056
2015	4	8	0	0.056
2015	4	9	0	0.06
2015	4	10	0	0.072
2015	4	11	0	0.085
2015	4	12	0	0.101
2015	4	13	0	0.131
2015	4	14	0	0.154
2015	4	15	0	0.167
2015	4	16	0	0.186
2015	4	17	0	0.206
2015	4	18	0	0.224
2015	4	19	0	0.189
2015	4	20	0	0.183
2015	4	21	0	0.196
2015	4	22	0	0.226
2015	4	23	0	0.251
2015	4	24	0	0.264
2015	4	25	0	0.271
2015	4	26	0	0.307
2015	4	27	0	0.381
2015	4	28	0	0.387
2015	4	29	0	0.326
2015	4	30	0	0.304
2015	5	1	0	0.304
2015	5	2	0	0.448
2015	5	3	0	0.57
2015	5	4	0	0.759
2015	5	5	0	0.915
2015	5	6	0	0.977
2015	5	7	0	0.876
2015	5	8	0	0.852
2015	5	9	0	0.929
2015	5	10	0	0.904
2015	5	11	0	0.891
2015	5	12	0	0.903
2015	5	13	0	1.021
2015	5	14	0	1.373
2015	5	15	0	1.41
2015	5	16	0	1.198
2015	5	17	0	1.062
2015	5	18	0	1.06
2015	5	19	0	1.146
2015	5	20	0	1.249
2015	5	21	0	0.995
2015	5	22	0	0.869
2015	5	23	0	0.809
2015	5	24	0	0.765
2015	5	25	0	0.75
2015	5	26	0	0.78
2015	5	27	0	0.751
2015	5	28	0	0.702
2015	5	29	0	0.696
2015	5	30	0	0.737
2015	5	31	0	0.785
2015	6	1	0	0.839
2015	6	2	0	0.91
2015	6	3	0	1.092
2015	6	4	0	1.585
2015	6	5	0	2.232
2015	6	6	0	2.134
2015	6	7	0	2.146
2015	6	8	0	2.108
2015	6	9	0	2.186
2015	6	10	0	1.988
2015	6	11	0	1.772
2015	6	12	0	1.748
2015	6	13	0	1.735
2015	6	14	0	1.723
2015	6	15	0	1.641
2015	6	16	0	1.505
2015	6	17	0	1.308
2015	6	18	0	1.182
2015	6	19	0	1.277
2015	6	20	0	1.256
2015	6	21	0	1.156
2015	6	22	0	1.097
2015	6	23	0	1.25
2015	6	24	0	1.188
2015	6	25	0	1.106
2015	6	26	0	1.084
2015	6	27	0	1.105
2015	6	28	0	1.206
2015	6	29	0	1.209
2015	6	30	0	1.18
2015	7	1	0	1.23
2015	7	2	0	1.333
2015	7	3	0	1.373
2015	7	4	0	1.328
2015	7	5	0	1.351
2015	7	6	0	1.312
2015	7	7	0	1.3
2015	7	8	0	1.296
2015	7	9	0	1.094
2015	7	10	0	0.959
2015	7	11	0	0.897
2015	7	12	0	0.89
2015	7	13	0	0.842
2015	7	14	0	0.776
2015	7	15	0	0.745
2015	7	16	0	0.798
2015	7	17	0	0.845
2015	7	18	0	0.79
2015	7	19	0	0.702
2015	7	20	0	0.679
2015	7	21	0	0.68
2015	7	22	0	0.699
2015	7	23	0	0.768
2015	7	24	0	0.728
2015	7	25	0	0.65
2015	7	26	0	0.615
2015	7	27	0	0.616
2015	7	28	0	0.574
2015	7	29	0	0.593
2015	7	30	0	0.59
2015	7	31	0	0.548
2015	8	1	0	0.539
2015	8	2	0	0.687
2015	8	3	0	0.607
2015	8	4	0	0.731
2015	8	5	0	0.902
2015	8	6	0	0.714
2015	8	7	0	0.692
2015	8	8	0	0.674
2015	8	9	0	0.633
2015	8	10	0	0.612
2015	8	11	0	0.571
2015	8	12	0	0.528
2015	8	13	0	0.509
2015	8	14	0	0.49
2015	8	15	0	0.499
2015	8	16	0	0.509
2015	8	17	0	0.534
2015	8	18	0	0.528
2015	8	19	0	0.611
2015	8	20	0	0.563
2015	8	21	0	0.539
2015	8	22	0	0.524
2015	8	23	0	0.515
2015	8	24	0	0.504
2015	8	25	0	0.497
2015	8	26	0	0.468
2015	8	27	0	0.451
2015	8	28	0	0.427
2015	8	29	0	0.414
2015	8	30	0	0.397
2015	8	31	0	0.38
2015	9	1	0	0.38
2015	9	2	0	0.436
2015	9	3	0	0.445
2015	9	4	0	0.44
2015	9	5	0	0.436
2015	9	6	0	0.429
2015	9	7	0	0.411
2015	9	8	0	0.395
2015	9	9	0	0.384
2015	9	10	0	0.378
2015	9	11	0	0.363
2015	9	12	0	0.349
2015	9	13	0	0.338
2015	9	14	0	0.34
2015	9	15	0	0.327
2015	9	16	0	0.321
2015	9	17	0	0.325
2015	9	18	0	0.314
2015	9	19	0	0.303
2015	9	20	0	0.293
2015	9	21	0	0.281
2015	9	22	0	0.274
2015	9	23	0	0.288
2015	9	24	0	0.272
2015	9	25	0	0.269
2015	9	26	0	0.267
2015	9	27	0	0.263
2015	9	28	0	0.258
2015	9	29	0	0.254
2015	9	30	0	0.25
2015	10	1	0	0.247
2015	10	2	0	0.242
2015	10	3	0	0.236
2015	10	4	0	0.235
2015	10	5	0	0.232
2015	10	6	0	0.23
2015	10	7	0	0.257
2015	10	8	0	0.246
2015	10	9	0	0.243
2015	10	10	0	0.24
2015	10	11	0	0.238
2015	10	12	0	0.235
2015	10	13	0	0.233
2015	10	14	0	0.241
2015	10	15	0	0.237
2015	10	16	0	0.234
2015	10	17	0	0.23
2015	10	18	0	0.228
2015	10	19	0	0.23
2015	10	20	0	0.222
2015	10	21	0	0.222
2015	10	22	0	0.218
2015	10	23	0	0.219
2015	10	24	0	0.218
2015	10	25	0	0.219
2015	10	26	0	0.221
2015	10	27	0	0.221
2015	10	28	0	0.219
2015	10	29	0	0.227
2015	10	30	0	0.222
2015	10	31	0	0.218
2015	11	1	0	0.215
2015	11	2	0	0.211
2015	11	3	0	0.208
2015	11	4	0	0.205
2015	11	5	0	0.202
2015	11	6	0	0.198
2015	11	7	0	0.195
2015	11	8	0	0.192
2015	11	9	0	0.189
2015	11	10	0	0.186
2015	11	11	0	0.184
2015	11	12	0	0.18
2015	11	13	0	0.176
2015	11	14	0	0.172
2015	11	15	0	0.169
2015	11	16	0	0.166
2015	11	17	0	0.162
2015	11	18	0	0.158
2015	11	19	0	0.155
2015	11	20	0	0.178
2015	11	21	0	0.202
2015	11	22	0	0.174
2015	11	23	0	0.157
2015	11	24	0	0.152
2015	11	25	0	0.167
2015	11	26	0	0.158
2015	11	27	0	0.153
2015	11	28	0	0.152
2015	11	29	0	0.148
2015	11	30	0	0.148
2015	12	1	0	0.151
2015	12	2	0	0.145
2015	12	3	0	0.14
2015	12	4	0	0.138
2015	12	5	0	0.137
2015	12	6	0	0.135
2015	12	7	0	0.133
2015	12	8	0	0.131
2015	12	9	0	0.13
2015	12	10	0	0.125
2015	12	11	0	0.127
2015	12	12	0	0.124
2015	12	13	0	0.122
2015	12	14	0	0.12
2015	12	15	0	0.119
2015	12	16	0	0.119
2015	12	17	0	0.122
2015	12	18	0	0.116
2015	12	19	0	0.114
2015	12	20	0	0.111
2015	12	21	0	0.11
2015	12	22	0	0.108
2015	12	23	0	0.107
2015	12	24	0	0.107
2015	12	25	0	0.106
2015	12	26	0	0.104
2015	12	27	0	0.102
2015	12	28	0	0.102
2015	12	29	0	0.101
2015	12	30	0	0.099
2015	12	31	0	0.101
2016	1	1	0	0.099
2016	1	2	0	0.099
2016	1	3	0	0.1
2016	1	4	0	0.099
2016	1	5	0	0.098
2016	1	6	0	0.096
2016	1	7	0	0.096
2016	1	8	0	0.096
2016	1	9	0	0.096
2016	1	10	0	0.095
2016	1	11	0	0.098
2016	1	12	0	0.099
2016	1	13	0	0.096
2016	1	14	0	0.094
2016	1	15	0	0.09
2016	1	16	0	0.099
2016	1	17	0	0.094
2016	1	18	0	0.09
2016	1	19	0	0.093
2016	1	20	0	0.091
2016	1	21	0	0.089
2016	1	22	0	0.089
2016	1	23	0	0.089
2016	1	24	0	0.087
2016	1	25	0	0.088
2016	1	26	0	0.084
2016	1	27	0	0.081
2016	1	28	0	0.08
2016	1	29	0	0.08
2016	1	30	0	0.077
2016	1	31	0	0.085
2016	2	1	0	0.124
2016	2	2	0	0.081
2016	2	3	0	0.078
2016	2	4	0	0.079
2016	2	5	0	0.079
2016	2	6	0	0.074
2016	2	7	0	0.073
2016	2	8	0	0.072
2016	2	9	0	0.07
2016	2	10	0	0.07
2016	2	11	0	0.061
2016	2	12	0	0.07
2016	2	13	0	0.07
2016	2	14	0	0.068
2016	2	15	0	0.068
2016	2	16	0	0.067
2016	2	17	0	0.067
2016	2	18	0	0.065
2016	2	19	0	0.065
2016	2	20	0	0.064
2016	2	21	0	0.12
2016	2	22	0	0.083
2016	2	23	0	0.074
2016	2	24	0	0.07
2016	2	25	0	0.071
2016	2	26	0	0.069
2016	2	27	0	0.072
2016	2	28	0	0.07
2016	2	29	0	0.069
2016	3	1	0	0.067
2016	3	2	0	0.066
2016	3	3	0	0.065
2016	3	4	0	0.061
2016	3	5	0	0.063
2016	3	6	0	0.065
2016	3	7	0	0.062
2016	3	8	0	0.061
2016	3	9	0	0.058
2016	3	10	0	0.059
2016	3	11	0	0.06
2016	3	12	0	0.06
2016	3	13	0	0.059
2016	3	14	0	0.059
2016	3	15	0	0.057
2016	3	16	0	0.058
2016	3	17	0	0.056
2016	3	18	0	0.056
2016	3	19	0	0.056
2016	3	20	0	0.055
2016	3	21	0	0.056
2016	3	22	0	0.056
2016	3	23	0	0.056
2016	3	24	0	0.057
2016	3	25	0	0.056
2016	3	26	0	0.058
2016	3	27	0	0.057
2016	3	28	0	0.055
2016	3	29	0	0.054
2016	3	30	0	0.058
2016	3	31	0	0.065
2016	4	1	0	0.093
2016	4	2	0	0.115
2016	4	3	0	0.134
2016	4	4	0	0.168
2016	4	5	0	0.194
2016	4	6	0	0.19
2016	4	7	0	0.182
2016	4	8	0	0.173
2016	4	9	0	0.15
2016	4	10	0	0.14
2016	4	11	0	0.151
2016	4	12	0	0.173
2016	4	13	0	0.193
2016	4	14	0	0.198
2016	4	15	0	0.184
2016	4	16	0	0.191
2016	4	17	0	0.216
2016	4	18	0	0.227
2016	4	19	0	0.211
2016	4	20	0	0.209
2016	4	21	0	0.226
2016	4	22	0	0.262
2016	4	23	0	0.298
2016	4	24	0	0.292
2016	4	25	0	0.259
2016	4	26	0	0.236
2016	4	27	0	0.215
2016	4	28	0	0.197
2016	4	29	0	0.186
2016	4	30	0	0.184
2016	5	1	0	0.184
2016	5	2	0	0.176
2016	5	3	0	0.172
2016	5	4	0	0.168
2016	5	5	0	0.168
2016	5	6	0	0.188
2016	5	7	0	0.215
2016	5	8	0	0.266
2016	5	9	0	0.31
2016	5	10	0	0.357
2016	5	11	0	0.41
2016	5	12	0	0.464
2016	5	13	0	0.479
2016	5	14	0	0.47
2016	5	15	0	0.442
2016	5	16	0	0.397
2016	5	17	0	0.358
2016	5	18	0	0.353
2016	5	19	0	0.358
2016	5	20	0	0.349
2016	5	21	0	0.377
2016	5	22	0	0.525
2016	5	23	0	0.681
2016	5	24	0	0.617
2016	5	25	0	0.606
2016	5	26	0	0.679
2016	5	27	0	0.883
2016	5	28	0	1.137
2016	5	29	0	1.294
2016	5	30	0	1.446
2016	5	31	0	1.454
2016	6	1	0	1.514
2016	6	2	0	1.441
2016	6	3	0	1.38
2016	6	4	0	1.45
2016	6	5	0	1.642
2016	6	6	0	1.74
2016	6	7	0	1.701
2016	6	8	0	1.623
2016	6	9	0	1.815
2016	6	10	0	1.776
2016	6	11	0	1.736
2016	6	12	0	1.633
2016	6	13	0	1.551
2016	6	14	0	1.548
2016	6	15	0	1.71
2016	6	16	0	1.659
2016	6	17	0	1.854
2016	6	18	0	1.711
2016	6	19	0	1.612
2016	6	20	0	1.47
2016	6	21	0	1.329
2016	6	22	0	1.422
2016	6	23	0	1.589
2016	6	24	0	1.735
2016	6	25	0	1.962
2016	6	26	0	2.128
2016	6	27	0	2.167
2016	6	28	0	1.694
2016	6	29	0	1.591
2016	6	30	0	1.561
2016	7	1	0	1.603
2016	7	2	0	1.641
2016	7	3	0	1.722
2016	7	4	0	1.657
2016	7	5	0	1.614
2016	7	6	0	1.575
2016	7	7	0	1.405
2016	7	8	0	1.248
2016	7	9	0	1.209
2016	7	10	0	1.194
2016	7	11	0	1.527
2016	7	12	0	1.8
2016	7	13	0	1.857
2016	7	14	0	1.842
2016	7	15	0	1.624
2016	7	16	0	1.262
2016	7	17	0	1.029
2016	7	18	0	0.966
2016	7	19	0	0.985
2016	7	20	0	0.95
2016	7	21	0	0.902
2016	7	22	0	0.906
2016	7	23	0	0.85
2016	7	24	0	0.798
2016	7	25	0	0.919
2016	7	26	0	0.855
2016	7	27	0	0.858
2016	7	28	0	0.781
2016	7	29	0	0.744
2016	7	30	0	0.72
2016	7	31	0	0.721
2016	8	1	0	0.835
2016	8	2	0	0.747
2016	8	3	0	0.766
2016	8	4	0	0.784
2016	8	5	0	1.696
2016	8	6	0	1.721
2016	8	7	0	1.39
2016	8	8	0	1.161
2016	8	9	0	1.251
2016	8	10	0	1.374
2016	8	11	0	1.243
2016	8	12	0	1.106
2016	8	13	0	1.02
2016	8	14	0	0.959
2016	8	15	0	0.897
2016	8	16	0	0.833
2016	8	17	0	0.773
2016	8	18	0	0.688
2016	8	19	0	0.631
2016	8	20	0	0.618
2016	8	21	0	0.596
2016	8	22	0	0.528
2016	8	23	0	0.501
2016	8	24	0	0.482
2016	8	25	0	0.463
2016	8	26	0	0.446
2016	8	27	0	0.438
2016	8	28	0	0.428
2016	8	29	0	0.434
2016	8	30	0	0.409
2016	8	31	0	0.383
2016	9	1	0	0.371
2016	9	2	0	0.362
2016	9	3	0	0.354
2016	9	4	0	0.349
2016	9	5	0	0.37
2016	9	6	0	0.342
2016	9	7	0	0.332
2016	9	8	0	0.326
2016	9	9	0	0.321
2016	9	10	0	0.32
2016	9	11	0	0.321
2016	9	12	0	0.312
2016	9	13	0	0.304
2016	9	14	0	0.294
2016	9	15	0	0.287
2016	9	16	0	0.281
2016	9	17	0	0.298
2016	9	18	0	0.281
2016	9	19	0	0.305
2016	9	20	0	0.275
2016	9	21	0	0.269
2016	9	22	0	0.264
2016	9	23	0	0.26
2016	9	24	0	0.256
2016	9	25	0	0.252
2016	9	26	0	0.248
2016	9	27	0	0.243
2016	9	28	0	0.239
2016	9	29	0	0.235
2016	9	30	0	0.231
2016	10	1	0	0.227
2016	10	2	0	0.234
2016	10	3	0	0.235
2016	10	4	0	0.224
2016	10	5	0	0.221
2016	10	6	0	0.219
2016	10	7	0	0.215
2016	10	8	0	0.212
2016	10	9	0	0.21
2016	10	10	0	0.208
2016	10	11	0	0.206
2016	10	12	0	0.202
2016	10	13	0	0.199
2016	10	14	0	0.201
2016	10	15	0	0.199
2016	10	16	0	0.193
2016	10	17	0	0.19
2016	10	18	0	0.194
2016	10	19	0	0.192
2016	10	20	0	0.191
2016	10	21	0	0.188
2016	10	22	0	0.186
2016	10	23	0	0.184
2016	10	24	0	0.181
2016	10	25	0	0.186
2016	10	26	0	0.178
2016	10	27	0	0.172
2016	10	28	0	0.17
2016	10	29	0	0.169
2016	10	30	0	0.168
2016	10	31	0	0.165
2016	11	1	0	0.164
2016	11	2	0	0.163
2016	11	3	0	0.162
2016	11	4	0	0.161
2016	11	5	0	0.16
2016	11	6	0	0.164
2016	11	7	0	0.16
2016	11	8	0	0.156
2016	11	9	0	0.154
2016	11	10	0	0.153
2016	11	11	0	0.152
2016	11	12	0	0.147
2016	11	13	0	0.149
2016	11	14	0	0.145
2016	11	15	0	0.144
2016	11	16	0	0.152
2016	11	17	0	0.152
2016	11	18	0	0.147
2016	11	19	0	0.145
2016	11	20	0	0.142
2016	11	21	0	0.143
2016	11	22	0	0.143
2016	11	23	0	0.142
2016	11	24	0	0.139
2016	11	25	0	0.139
2016	11	26	0	0.138
2016	11	27	0	0.138
2016	11	28	0	0.134
2016	11	29	0	0.122
2016	11	30	0	0.127
2016	12	1	0	0.131
2016	12	2	0	0.125
2016	12	3	0	0.119
2016	12	4	0	0.114
2016	12	5	0	0.112
2016	12	6	0	0.115
2016	12	7	0	0.116
2016	12	8	0	0.114
2016	12	9	0	0.11
2016	12	10	0	0.108
2016	12	11	0	0.108
2016	12	12	0	0.108
2016	12	13	0	0.106
2016	12	14	0	0.106
2016	12	15	0	0.104
2016	12	16	0	0.101
2016	12	17	0	0.1
2016	12	18	0	0.099
2016	12	19	0	0.098
2016	12	20	0	0.097
2016	12	21	0	0.096
2016	12	22	0	0.095
2016	12	23	0	0.095
2016	12	24	0	0.095
2016	12	25	0	0.095
2016	12	26	0	0.095
2016	12	27	0	0.092
2016	12	28	0	0.091
2016	12	29	0	0.09
2016	12	30	0	0.089
2016	12	31	0	0.089
2017	1	1	0	0.087
2017	1	2	0	0.086
2017	1	3	0	0.088
2017	1	4	0	0.089
2017	1	5	0	0.087
2017	1	6	0	0.084
2017	1	7	0	0.083
2017	1	8	0	0.083
2017	1	9	0	0.082
2017	1	10	0	0.081
2017	1	11	0	0.08
2017	1	12	0	0.081
2017	1	13	0	0.08
2017	1	14	0	0.08
2017	1	15	0	0.078
2017	1	16	0	0.078
2017	1	17	0	0.075
2017	1	18	0	0.074
2017	1	19	0	0.073
2017	1	20	0	0.072
2017	1	21	0	0.072
2017	1	22	0	0.072
2017	1	23	0	0.071
2017	1	24	0	0.07
2017	1	25	0	0.07
2017	1	26	0	0.07
2017	1	27	0	0.069
2017	1	28	0	0.069
2017	1	29	0	0.068
2017	1	30	0	0.069
2017	1	31	0	0.069
2017	2	1	0	0.068
2017	2	2	0	0.068
2017	2	3	0	0.067
2017	2	4	0	0.066
2017	2	5	0	0.066
2017	2	6	0	0.066
2017	2	7	0	0.064
2017	2	8	0	0.065
2017	2	9	0	0.064
2017	2	10	0	0.063
2017	2	11	0	0.063
2017	2	12	0	0.063
2017	2	13	0	0.062
2017	2	14	0	0.061
2017	2	15	0	0.061
2017	2	16	0	0.061
2017	2	17	0	0.062
2017	2	18	0	0.061
2017	2	19	0	0.059
2017	2	20	0	0.06
2017	2	21	0	0.061
2017	2	22	0	0.06
2017	2	23	0	0.059
2017	2	24	0	0.059
2017	2	25	0	0.057
2017	2	26	0	0.058
2017	2	27	0	0.058
2017	2	28	0	0.058
2017	3	1	0	0.058
2017	3	2	0	0.058
2017	3	3	0	0.055
2017	3	4	0	0.058
2017	3	5	0	0.057
2017	3	6	0	0.057
2017	3	7	0	0.057
2017	3	8	0	0.056
2017	3	9	0	0.071
2017	3	10	0	0.062
2017	3	11	0	0.054
2017	3	12	0	0.054
2017	3	13	0	0.055
2017	3	14	0	0.055
2017	3	15	0	0.056
2017	3	16	0	0.057
2017	3	17	0	0.059
2017	3	18	0	0.07
2017	3	19	0	0.111
2017	3	20	0	0.085
2017	3	21	0	0.085
2017	3	22	0	0.093
2017	3	23	0	0.091
2017	3	24	0	0.095
2017	3	25	0	0.106
2017	3	26	0	0.111
2017	3	27	0	0.109
2017	3	28	0	0.113
2017	3	29	0	0.12
2017	3	30	0	0.129
2017	3	31	0	0.145
2017	4	1	0	0.158
2017	4	2	0	0.151
2017	4	3	0	0.146
2017	4	4	0	0.152
2017	4	5	0	0.138
2017	4	6	0	0.134
2017	4	7	0	0.131
2017	4	8	0	0.136
2017	4	9	0	0.151
2017	4	10	0	0.17
2017	4	11	0	0.187
2017	4	12	0	0.183
2017	4	13	0	0.184
2017	4	14	0	0.187
2017	4	15	0	0.186
2017	4	16	0	0.179
2017	4	17	0	0.17
2017	4	18	0	0.162
2017	4	19	0	0.151
2017	4	20	0	0.142
2017	4	21	0	0.137
2017	4	22	0	0.139
2017	4	23	0	0.142
2017	4	24	0	0.142
2017	4	25	0	0.144
2017	4	26	0	0.145
2017	4	27	0	0.145
2017	4	28	0	0.138
2017	4	29	0	0.131
2017	4	30	0	0.136
2017	5	1	0	0.144
2017	5	2	0	0.153
2017	5	3	0	0.164
2017	5	4	0	0.166
2017	5	5	0	0.169
2017	5	6	0	0.178
2017	5	7	0	0.217
2017	5	8	0	0.213
2017	5	9	0	0.226
2017	5	10	0	0.236
2017	5	11	0	0.252
2017	5	12	0	0.298
2017	5	13	0	0.362
2017	5	14	0	0.478
2017	5	15	0	0.559
2017	5	16	0	0.622
2017	5	17	0	0.744
2017	5	18	0	0.875
2017	5	19	0	0.962
2017	5	20	0	0.917
2017	5	21	0	0.71
2017	5	22	0	0.655
2017	5	23	0	0.721
2017	5	24	0	0.779
2017	5	25	0	0.931
2017	5	26	0	0.885
2017	5	27	0	0.91
2017	5	28	0	0.991
2017	5	29	0	1.104
2017	5	30	0	1.32
2017	5	31	0	1.67
2017	6	1	0	1.534
2017	6	2	0	1.485
2017	6	3	0	1.382
2017	6	4	0	1.384
2017	6	5	0	1.361
2017	6	6	0	1.365
2017	6	7	0	1.236
2017	6	8	0	1.024
2017	6	9	0	0.976
2017	6	10	0	1.037
2017	6	11	0	1.051
2017	6	12	0	1.093
2017	6	13	0	1.203
2017	6	14	0	1.203
2017	6	15	0	1.099
2017	6	16	0	1.218
2017	6	17	0	0.999
2017	6	18	0	0.932
2017	6	19	0	0.913
2017	6	20	0	0.931
2017	6	21	0	0.897
2017	6	22	0	0.864
2017	6	23	0	0.877
2017	6	24	0	0.832
2017	6	25	0	1.087
2017	6	26	0	0.884
2017	6	27	0	0.849
2017	6	28	0	0.806
2017	6	29	0	0.833
2017	6	30	0	0.975
2017	7	1	0	0.919
2017	7	2	0	0.868
2017	7	3	0	0.829
2017	7	4	0	0.788
2017	7	5	0	0.759
2017	7	6	0	0.719
2017	7	7	0	0.679
2017	7	8	0	0.696
2017	7	9	0	0.74
2017	7	10	0	0.728
2017	7	11	0	0.974
2017	7	12	0	0.884
2017	7	13	0	0.822
2017	7	14	0	0.796
2017	7	15	0	0.902
2017	7	16	0	0.837
2017	7	17	0	0.795
2017	7	18	0	0.763
2017	7	19	0	0.728
2017	7	20	0	0.674
2017	7	21	0	0.622
2017	7	22	0	0.591
2017	7	23	0	0.567
2017	7	24	0	0.607
2017	7	25	0	0.57
2017	7	26	0	0.566
2017	7	27	0	0.596
2017	7	28	0	0.633
2017	7	29	0	0.639
2017	7	30	0	0.689
2017	7	31	0	0.682
2017	8	1	0	0.639
2017	8	2	0	0.608
2017	8	3	0	0.58
2017	8	4	0	0.573
2017	8	5	0	0.57
2017	8	6	0	0.657
2017	8	7	0	0.604
2017	8	8	0	0.576
2017	8	9	0	0.726
2017	8	10	0	0.855
2017	8	11	0	1.358
2017	8	12	0	1.309
2017	8	13	0	1.144
2017	8	14	0	1.038
2017	8	15	0	0.958
2017	8	16	0	0.915
2017	8	17	0	0.802
2017	8	18	0	0.736
2017	8	19	0	0.847
2017	8	20	0	0.952
2017	8	21	0	0.875
2017	8	22	0	0.804
2017	8	23	0	0.737
2017	8	24	0	0.691
2017	8	25	0	0.646
2017	8	26	0	0.615
2017	8	27	0	0.598
2017	8	28	0	0.546
2017	8	29	0	0.514
2017	8	30	0	0.485
2017	8	31	0	0.472
2017	9	1	0	0.749
2017	9	2	0	0.903
2017	9	3	0	0.904
2017	9	4	0	0.822
2017	9	5	0	0.866
2017	9	6	0	0.942
2017	9	7	0	0.935
2017	9	8	0	0.889
2017	9	9	0	0.828
2017	9	10	0	0.826
2017	9	11	0	0.752
2017	9	12	0	0.733
2017	9	13	0	0.681
2017	9	14	0	0.678
2017	9	15	0	0.653
2017	9	16	0	0.668
2017	9	17	0	0.657
2017	9	18	0	0.64
2017	9	19	0	0.626
2017	9	20	0	0.594
2017	9	21	0	0.565
2017	9	22	0	0.545
2017	9	23	0	0.525
2017	9	24	0	0.51
2017	9	25	0	0.493
2017	9	26	0	0.47
2017	9	27	0	0.452
2017	9	28	0	0.44
2017	9	29	0	0.428
2017	9	30	0	0.42
2017	10	1	0	0.444
2017	10	2	0	0.439
2017	10	3	0	0.549
2017	10	4	0	0.505
2017	10	5	0	0.457
2017	10	6	0	0.445
2017	10	7	0	0.429
2017	10	8	0	0.42
2017	10	9	0	0.405
2017	10	10	0	0.392
2017	10	11	0	0.378
2017	10	12	0	0.364
2017	10	13	0	0.353
2017	10	14	0	0.342
2017	10	15	0	0.332
2017	10	16	0	0.321
2017	10	17	0	0.311
2017	10	18	0	0.304
2017	10	19	0	0.297
2017	10	20	0	0.289
2017	10	21	0	0.28
2017	10	22	0	0.282
2017	10	23	0	0.273
2017	10	24	0	0.263
2017	10	25	0	0.256
2017	10	26	0	0.25
2017	10	27	0	0.262
2017	10	28	0	0.25
2017	10	29	0	0.266
2017	10	30	0	0.256
2017	10	31	0	0.246
2017	11	1	0	0.242
2017	11	2	0	0.236
2017	11	3	0	0.231
2017	11	4	0	0.227
2017	11	5	0	0.23
2017	11	6	0	0.227
2017	11	7	0	0.22
2017	11	8	0	0.218
2017	11	9	0	0.212
2017	11	10	0	0.209
2017	11	11	0	0.209
2017	11	12	0	0.216
2017	11	13	0	0.206
2017	11	14	0	0.195
2017	11	15	0	0.194
2017	11	16	0	0.192
2017	11	17	0	0.188
2017	11	18	0	0.185
2017	11	19	0	0.182
2017	11	20	0	0.18
2017	11	21	0	0.18
2017	11	22	0	0.175
2017	11	23	0	0.172
2017	11	24	0	0.17
2017	11	25	0	0.17
2017	11	26	0	0.168
2017	11	27	0	0.164
2017	11	28	0	0.163
2017	11	29	0	0.162
2017	11	30	0	0.16
2017	12	1	0	0.148
2017	12	2	0	0.147
2017	12	3	0	0.149
2017	12	4	0	0.157
2017	12	5	0	0.146
2017	12	6	0	0.144
2017	12	7	0	0.142
2017	12	8	0	0.143
2017	12	9	0	0.141
2017	12	10	0	0.139
2017	12	11	0	0.14
2017	12	12	0	0.138
2017	12	13	0	0.133
2017	12	14	0	0.134
2017	12	15	0	0.132
2017	12	16	0	0.129
2017	12	17	0	0.128
2017	12	18	0	0.126
2017	12	19	0	0.124
2017	12	20	0	0.123
2017	12	21	0	0.122
2017	12	22	0	0.122
2017	12	23	0	0.12
2017	12	24	0	0.119
2017	12	25	0	0.119
2017	12	26	0	0.117
2017	12	27	0	0.118
2017	12	28	0	0.118
2017	12	29	0	0.113
2017	12	30	0	0.116
2017	12	31	0	0.116
2018	1	1	0	0.111
2018	1	2	0	0.11
2018	1	3	0	0.111
2018	1	4	0	0.119
2018	1	5	0	0.145
2018	1	6	0	0.119
2018	1	7	0	0.113
2018	1	8	0	0.11
2018	1	9	0	0.118
2018	1	10	0	0.11
2018	1	11	0	0.11
2018	1	12	0	0.109
2018	1	13	0	0.11
2018	1	14	0	0.108
2018	1	15	0	0.108
2018	1	16	0	0.108
2018	1	17	0	0.103
2018	1	18	0	0.11
2018	1	19	0	0.103
2018	1	20	0	0.103
2018	1	21	0	0.105
2018	1	22	0	0.095
2018	1	23	0	0.067
2018	1	24	0	0.114
2018	1	25	0	0.095
2018	1	26	0	0.095
2018	1	27	0	0.095
2018	1	28	0	0.095
2018	1	29	0	0.093
2018	1	30	0	0.093
2018	1	31	0	0.089
2018	2	1	0	0.088
2018	2	2	0	0.088
2018	2	3	0	0.088
2018	2	4	0	0.087
2018	2	5	0	0.085
2018	2	6	0	0.085
2018	2	7	0	0.085
2018	2	8	0	0.083
2018	2	9	0	0.082
2018	2	10	0	0.082
2018	2	11	0	0.081
2018	2	12	0	0.08
2018	2	13	0	0.077
2018	2	14	0	0.076
2018	2	15	0	0.078
2018	2	16	0	0.08
2018	2	17	0	0.075
2018	2	18	0	0.074
2018	2	19	0	0.072
2018	2	20	0	0.072
2018	2	21	0	0.071
2018	2	22	0	0.071
2018	2	23	0	0.072
2018	2	24	0	0.072
2018	2	25	0	0.072
2018	2	26	0	0.072
2018	2	27	0	0.071
2018	2	28	0	0.071
2018	3	1	0	0.07
2018	3	2	0	0.068
2018	3	3	0	0.067
2018	3	4	0	0.066
2018	3	5	0	0.067
2018	3	6	0	0.066
2018	3	7	0	0.063
2018	3	8	0	0.062
2018	3	9	0	0.061
2018	3	10	0	0.062
2018	3	11	0	0.062
2018	3	12	0	0.06
2018	3	13	0	0.059
2018	3	14	0	0.057
2018	3	15	0	0.057
2018	3	16	0	0.057
2018	3	17	0	0.056
2018	3	18	0	0.057
2018	3	19	0	0.056
2018	3	20	0	0.055
2018	3	21	0	0.055
2018	3	22	0	0.055
2018	3	23	0	0.055
2018	3	24	0	0.054
2018	3	25	0	0.054
2018	3	26	0	0.053
2018	3	27	0	0.053
2018	3	28	0	0.053
2018	3	29	0	0.053
2018	3	30	0	0.053
2018	3	31	0	0.053
2018	4	1	0	0.051
2018	4	2	0	0.051
2018	4	3	0	0.052
2018	4	4	0	0.055
2018	4	5	0	0.058
2018	4	6	0	0.057
2018	4	7	0	0.065
2018	4	8	0	0.09
2018	4	9	0	0.119
2018	4	10	0	0.115
2018	4	11	0	0.132
2018	4	12	0	0.146
2018	4	13	0	0.137
2018	4	14	0	0.134
2018	4	15	0	0.15
2018	4	16	0	0.181
2018	4	17	0	0.214
2018	4	18	0	0.256
2018	4	19	0	0.312
2018	4	20	0	0.374
2018	4	21	0	0.433
2018	4	22	0	0.534
2018	4	23	0	0.602
2018	4	24	0	0.717
2018	4	25	0	0.749
2018	4	26	0	0.704
2018	4	27	0	0.642
2018	4	28	0	0.661
2018	4	29	0	0.748
2018	4	30	0	0.822
2018	5	1	0	0.784
2018	5	2	0	0.765
2018	5	3	0	0.742
2018	5	4	0	0.821
2018	5	5	0	0.936
2018	5	6	0	1.006
2018	5	7	0	1.128
2018	5	8	0	1.195
2018	5	9	0	1.167
2018	5	10	0	1.044
2018	5	11	0	1.017
2018	5	12	0	1.157
2018	5	13	0	1.254
2018	5	14	0	1.285
2018	5	15	0	1.326
2018	5	16	0	1.134
2018	5	17	0	1.01
2018	5	18	0	0.948
2018	5	19	0	0.921
2018	5	20	0	0.898
2018	5	21	0	0.897
2018	5	22	0	0.909
2018	5	23	0	0.927
2018	5	24	0	0.999
2018	5	25	0	1.104
2018	5	26	0	1.253
2018	5	27	0	1.493
2018	5	28	0	1.602
2018	5	29	0	1.614
2018	5	30	0	1.61
2018	5	31	0	1.682
2018	6	1	0	1.713
2018	6	2	0	1.769
2018	6	3	0	1.708
2018	6	4	0	1.792
2018	6	5	0	2.168
2018	6	6	0	2.033
2018	6	7	0	1.884
2018	6	8	0	1.763
2018	6	9	0	1.71
2018	6	10	0	1.869
2018	6	11	0	1.966
2018	6	12	0	1.964
2018	6	13	0	1.934
2018	6	14	0	1.746
2018	6	15	0	1.528
2018	6	16	0	1.378
2018	6	17	0	1.307
2018	6	18	0	1.262
2018	6	19	0	1.216
2018	6	20	0	1.218
2018	6	21	0	1.311
2018	6	22	0	1.679
2018	6	23	0	1.395
2018	6	24	0	1.23
2018	6	25	0	1.071
2018	6	26	0	0.908
2018	6	27	0	0.805
2018	6	28	0	0.749
2018	6	29	0	0.672
2018	6	30	0	0.714
2018	7	1	0	0.876
2018	7	2	0	0.942
2018	7	3	0	1.007
2018	7	4	0	0.948
2018	7	5	0	0.919
2018	7	6	0	0.944
2018	7	7	0	0.886
2018	7	8	0	0.8
2018	7	9	0	0.77
2018	7	10	0	0.745
2018	7	11	0	0.685
2018	7	12	0	0.637
2018	7	13	0	0.621
2018	7	14	0	0.606
2018	7	15	0	0.596
2018	7	16	0	0.579
2018	7	17	0	0.542
2018	7	18	0	0.519
2018	7	19	0	0.508
2018	7	20	0	0.518
2018	7	21	0	0.557
2018	7	22	0	0.592
2018	7	23	0	0.569
2018	7	24	0	0.542
2018	7	25	0	0.535
2018	7	26	0	0.521
2018	7	27	0	0.503
2018	7	28	0	0.507
2018	7	29	0	0.5
2018	7	30	0	0.487
2018	7	31	0	0.477
2018	8	1	0	0.458
2018	8	2	0	0.522
2018	8	3	0	0.466
2018	8	4	0	0.44
2018	8	5	0	0.432
2018	8	6	0	0.523
2018	8	7	0	0.509
2018	8	8	0	0.461
2018	8	9	0	0.485
2018	8	10	0	0.469
2018	8	11	0	0.443
2018	8	12	0	0.432
2018	8	13	0	0.433
2018	8	14	0	0.471
2018	8	15	0	0.452
2018	8	16	0	0.431
2018	8	17	0	0.422
2018	8	18	0	0.417
2018	8	19	0	0.426
2018	8	20	0	0.411
2018	8	21	0	0.405
2018	8	22	0	0.414
2018	8	23	0	0.418
2018	8	24	0	0.415
2018	8	25	0	0.47
2018	8	26	0	0.49
2018	8	27	0	0.457
2018	8	28	0	0.451
2018	8	29	0	0.45
2018	8	30	0	0.496
2018	8	31	0	0.604
2018	9	1	0	1.024
2018	9	2	0	0.982
2018	9	3	0	0.893
2018	9	4	0	0.793
2018	9	5	0	0.71
2018	9	6	0	0.649
2018	9	7	0	0.654
2018	9	8	0	0.627
2018	9	9	0	0.559
2018	9	10	0	0.537
2018	9	11	0	0.516
2018	9	12	0	0.499
2018	9	13	0	0.503
2018	9	14	0	0.508
2018	9	15	0	0.49
2018	9	16	0	0.464
2018	9	17	0	0.448
2018	9	18	0	0.442
2018	9	19	0	0.43
2018	9	20	0	0.417
2018	9	21	0	0.407
2018	9	22	0	0.419
2018	9	23	0	0.413
2018	9	24	0	0.514
2018	9	25	0	0.425
2018	9	26	0	0.392
2018	9	27	0	0.368
2018	9	28	0	0.349
2018	9	29	0	0.337
2018	9	30	0	0.33
2018	10	1	0	0.347
2018	10	2	0	0.334
2018	10	3	0	0.326
2018	10	4	0	0.319
2018	10	5	0	0.314
2018	10	6	0	0.308
2018	10	7	0	0.302
2018	10	8	0	0.295
2018	10	9	0	0.288
2018	10	10	0	0.282
2018	10	11	0	0.276
2018	10	12	0	0.269
2018	10	13	0	0.264
2018	10	14	0	0.259
2018	10	15	0	0.254
2018	10	16	0	0.25
2018	10	17	0	0.245
2018	10	18	0	0.239
2018	10	19	0	0.235
2018	10	20	0	0.23
2018	10	21	0	0.226
2018	10	22	0	0.221
2018	10	23	0	0.216
2018	10	24	0	0.224
2018	10	25	0	0.214
2018	10	26	0	0.21
2018	10	27	0	0.218
2018	10	28	0	0.215
2018	10	29	0	0.336
2018	10	30	0	0.427
2018	10	31	0	0.326
2018	11	1	0	0.299
2018	11	2	0	0.282
2018	11	3	0	0.271
2018	11	4	0	0.262
2018	11	5	0	0.255
2018	11	6	0	0.25
2018	11	7	0	0.245
2018	11	8	0	0.239
2018	11	9	0	0.235
2018	11	10	0	0.231
2018	11	11	0	0.225
2018	11	12	0	0.218
2018	11	13	0	0.214
2018	11	14	0	0.209
2018	11	15	0	0.204
2018	11	16	0	0.2
2018	11	17	0	0.196
2018	11	18	0	0.192
2018	11	19	0	0.191
2018	11	20	0	0.186
2018	11	21	0	0.181
2018	11	22	0	0.18
2018	11	23	0	0.177
2018	11	24	0	0.177
2018	11	25	0	0.172
2018	11	26	0	0.168
2018	11	27	0	0.166
2018	11	28	0	0.16
2018	11	29	0	0.161
2018	11	30	0	0.159
2018	12	1	0	0.155
2018	12	2	0	0.157
2018	12	3	0	0.194
2018	12	4	0	0.169
2018	12	5	0	0.155
2018	12	6	0	0.162
2018	12	7	0	0.153
2018	12	8	0	0.151
2018	12	9	0	0.15
2018	12	10	0	0.149
2018	12	11	0	0.142
2018	12	12	0	0.13
2018	12	13	0	0.131
2018	12	14	0	0.134
2018	12	15	0	0.133
2018	12	16	0	0.135
2018	12	17	0	0.131
2018	12	18	0	0.13
2018	12	19	0	0.13
2018	12	20	0	0.129
2018	12	21	0	0.13
2018	12	22	0	0.134
2018	12	23	0	0.128
2018	12	24	0	0.222
2018	12	25	0	0.155
2018	12	26	0	0.14
2018	12	27	0	0.137
2018	12	28	0	0.132
2018	12	29	0	0.13
2018	12	30	0	0.129
2018	12	31	0	0.128
2019	1	1	0	0.124
2019	1	2	0	0.121
2019	1	3	0	0.122
2019	1	4	0	0.119
2019	1	5	0	0.12
2019	1	6	0	0.118
2019	1	7	0	0.116
2019	1	8	0	0.116
2019	1	9	0	0.116
2019	1	10	0	0.112
2019	1	11	0	0.11
2019	1	12	0	0.11
2019	1	13	0	0.111
2019	1	14	0	0.105
2019	1	15	0	0.11
2019	1	16	0	0.106
2019	1	17	0	0.105
2019	1	18	0	0.104
2019	1	19	0	0.102
2019	1	20	0	0.101
2019	1	21	0	0.099
2019	1	22	0	0.098
2019	1	23	0	0.098
2019	1	24	0	0.097
2019	1	25	0	0.095
2019	1	26	0	0.096
2019	1	27	0	0.095
2019	1	28	0	0.095
2019	1	29	0	0.093
2019	1	30	0	0.093
2019	1	31	0	0.092
2019	2	1	0	0.092
2019	2	2	0	0.091
2019	2	3	0	0.089
2019	2	4	0	0.086
2019	2	5	0	0.085
2019	2	6	0	0.085
2019	2	7	0	0.085
2019	2	8	0	0.084
2019	2	9	0	0.084
2019	2	10	0	0.084
2019	2	11	0	0.084
2019	2	12	0	0.082
2019	2	13	0	0.081
2019	2	14	0	0.08
2019	2	15	0	0.08
2019	2	16	0	0.08
2019	2	17	0	0.08
2019	2	18	0	0.08
2019	2	19	0	0.08
2019	2	20	0	0.08
2019	2	21	0	0.08
2019	2	22	0	0.08
2019	2	23	0	0.079
2019	2	24	0	0.078
2019	2	25	0	0.077
2019	2	26	0	0.077
2019	2	27	0	0.079
2019	2	28	0	0.081
2019	3	1	0	0.082
2019	3	2	0	0.081
2019	3	3	0	0.08
2019	3	4	0	0.081
2019	3	5	0	0.08
2019	3	6	0	0.08
2019	3	7	0	0.081
2019	3	8	0	0.079
2019	3	9	0	0.08
2019	3	10	0	0.082
2019	3	11	0	0.081
2019	3	12	0	0.08
2019	3	13	0	0.079
2019	3	14	0	0.078
2019	3	15	0	0.081
2019	3	16	0	0.079
2019	3	17	0	0.078
2019	3	18	0	0.077
2019	3	19	0	0.074
2019	3	20	0	0.072
2019	3	21	0	0.073
2019	3	22	0	0.074
2019	3	23	0	0.077
2019	3	24	0	0.087
2019	3	25	0	0.097
2019	3	26	0	0.094
2019	3	27	0	0.09
2019	3	28	0	0.087
2019	3	29	0	0.086
2019	3	30	0	0.088
2019	3	31	0	0.096
2019	4	1	0	0.107
2019	4	2	0	0.122
2019	4	3	0	0.136
2019	4	4	0	0.15
2019	4	5	0	0.144
2019	4	6	0	0.136
2019	4	7	0	0.144
2019	4	8	0	0.149
2019	4	9	0	0.148
2019	4	10	0	0.153
2019	4	11	0	0.16
2019	4	12	0	0.153
2019	4	13	0	0.144
2019	4	14	0	0.138
2019	4	15	0	0.132
2019	4	16	0	0.133
2019	4	17	0	0.149
2019	4	18	0	0.184
2019	4	19	0	0.231
2019	4	20	0	0.274
2019	4	21	0	0.309
2019	4	22	0	0.333
2019	4	23	0	0.348
2019	4	24	0	0.373
2019	4	25	0	0.413
2019	4	26	0	0.481
2019	4	27	0	0.44
2019	4	28	0	0.384
2019	4	29	0	0.345
2019	4	30	0	0.317
2019	5	1	0	0.296
2019	5	2	0	0.302
2019	5	3	0	0.338
2019	5	4	0	0.337
2019	5	5	0	0.316
2019	5	6	0	0.288
2019	5	7	0	0.269
2019	5	8	0	0.263
2019	5	9	0	0.267
2019	5	10	0	0.274
2019	5	11	0	0.291
2019	5	12	0	0.301
2019	5	13	0	0.278
2019	5	14	0	0.264
2019	5	15	0	0.254
2019	5	16	0	0.252
2019	5	17	0	0.281
2019	5	18	0	0.309
2019	5	19	0	0.348
2019	5	20	0	0.448
2019	5	21	0	0.569
2019	5	22	0	0.576
2019	5	23	0	0.579
2019	5	24	0	0.639
2019	5	25	0	0.744
2019	5	26	0	0.805
2019	5	27	0	0.814
2019	5	28	0	0.983
2019	5	29	0	0.973
2019	5	30	0	0.836
2019	5	31	0	0.735
2019	6	1	0	0.775
2019	6	2	0	0.996
2019	6	3	0	1.409
2019	6	4	0	1.874
2019	6	5	0	2.036
2019	6	6	0	1.99
2019	6	7	0	1.896
2019	6	8	0	1.984
2019	6	9	0	1.753
2019	6	10	0	2.009
2019	6	11	0	2.63
2019	6	12	0	3.669
2019	6	13	0	3.059
2019	6	14	0	2.842
2019	6	15	0	3.205
2019	6	16	0	2.929
2019	6	17	0	2.564
2019	6	18	0	2.607
2019	6	19	0	2.735
2019	6	20	0	2.721
2019	6	21	0	2.674
2019	6	22	0	2.633
2019	6	23	0	2.371
2019	6	24	0	2.243
2019	6	25	0	2.487
2019	6	26	0	2.592
2019	6	27	0	2.635
2019	6	28	0	2.718
2019	6	29	0	2.525
2019	6	30	0	2.264
2019	7	1	0	2.346
2019	7	2	0	2.075
2019	7	3	0	1.873
2019	7	4	0	1.719
2019	7	5	0	1.706
2019	7	6	0	1.736
2019	7	7	0	1.676
2019	7	8	0	1.626
2019	7	9	0	1.566
2019	7	10	0	1.438
2019	7	11	0	1.335
2019	7	12	0	1.269
2019	7	13	0	1.555
2019	7	14	0	1.329
2019	7	15	0	1.149
2019	7	16	0	1.018
2019	7	17	0	0.951
2019	7	18	0	0.937
2019	7	19	0	0.857
2019	7	20	0	0.857
2019	7	21	0	0.925
2019	7	22	0	0.83
2019	7	23	0	0.898
2019	7	24	0	0.881
2019	7	25	0	1.033
2019	7	26	0	1.1
2019	7	27	0	0.93
2019	7	28	0	0.949
2019	7	29	0	0.998
2019	7	30	0	0.827
2019	7	31	0	0.779
2019	8	1	0	0.705
2019	8	2	0	1.035
2019	8	3	0	0.94
2019	8	4	0	0.816
2019	8	5	0	0.754
2019	8	6	0	0.839
2019	8	7	0	0.974
2019	8	8	0	0.946
2019	8	9	0	0.881
2019	8	10	0	0.818
2019	8	11	0	0.813
2019	8	12	0	0.938
2019	8	13	0	1.436
2019	8	14	0	1.193
2019	8	15	0	1.09
2019	8	16	0	1.073
2019	8	17	0	0.976
2019	8	18	0	0.918
2019	8	19	0	0.891
2019	8	20	0	0.901
2019	8	21	0	1.17
2019	8	22	0	1.097
2019	8	23	0	1.006
2019	8	24	0	1.034
2019	8	25	0	1.257
2019	8	26	0	1.344
2019	8	27	0	1.233
2019	8	28	0	1.107
2019	8	29	0	0.984
2019	8	30	0	0.828
2019	8	31	0	0.857
2019	9	1	0	0.962
2019	9	2	0	0.914
2019	9	3	0	0.85
2019	9	4	0	0.783
2019	9	5	0	0.756
2019	9	6	0	0.744
2019	9	7	0	0.788
2019	9	8	0	0.848
2019	9	9	0	0.876
2019	9	10	0	0.878
2019	9	11	0	0.856
2019	9	12	0	0.824
2019	9	13	0	0.806
2019	9	14	0	0.762
2019	9	15	0	0.723
2019	9	16	0	0.672
2019	9	17	0	0.645
2019	9	18	0	0.617
2019	9	19	0	0.579
2019	9	20	0	0.533
2019	9	21	0	0.492
2019	9	22	0	0.453
2019	9	23	0	0.464
2019	9	24	0	0.429
2019	9	25	0	0.414
2019	9	26	0	0.404
2019	9	27	0	0.388
2019	9	28	0	0.376
2019	9	29	0	0.364
2019	9	30	0	0.353
2019	10	1	0	0.339
2019	10	2	0	0.373
2019	10	3	0	0.349
2019	10	4	0	0.338
2019	10	5	0	0.342
2019	10	6	0	0.337
2019	10	7	0	0.352
2019	10	8	0	0.336
2019	10	9	0	0.365
2019	10	10	0	0.391
2019	10	11	0	0.386
2019	10	12	0	0.383
2019	10	13	0	0.373
2019	10	14	0	0.362
2019	10	15	0	0.358
2019	10	16	0	0.372
2019	10	17	0	0.361
2019	10	18	0	0.353
2019	10	19	0	0.347
2019	10	20	0	0.336
2019	10	21	0	0.327
2019	10	22	0	0.315
2019	10	23	0	0.3
2019	10	24	0	0.289
2019	10	25	0	0.278
2019	10	26	0	0.27
2019	10	27	0	0.261
2019	10	28	0	0.265
2019	10	29	0	0.275
2019	10	30	0	0.281
2019	10	31	0	0.296
2019	11	1	0	0.276
2019	11	2	0	0.272
2019	11	3	0	0.28
2019	11	4	0	0.305
2019	11	5	0	0.303
2019	11	6	0	0.287
2019	11	7	0	0.282
2019	11	8	0	0.279
2019	11	9	0	0.267
2019	11	10	0	0.249
2019	11	11	0	0.244
2019	11	12	0	0.245
2019	11	13	0	0.25
2019	11	14	0	0.248
2019	11	15	0	0.26
2019	11	16	0	0.246
2019	11	17	0	0.249
2019	11	18	0	0.242
2019	11	19	0	0.238
2019	11	20	0	0.236
2019	11	21	0	0.232
2019	11	22	0	0.227
2019	11	23	0	0.219
2019	11	24	0	0.226
2019	11	25	0	0.222
2019	11	26	0	0.223
2019	11	27	0	0.222
2019	11	28	0	0.218
2019	11	29	0	0.212
2019	11	30	0	0.206
2019	12	1	0	0.206
2019	12	2	0	0.202
2019	12	3	0	0.191
2019	12	4	0	0.202
2019	12	5	0	0.193
2019	12	6	0	0.19
2019	12	7	0	0.189
2019	12	8	0	0.189
2019	12	9	0	0.188
2019	12	10	0	0.185
2019	12	11	0	0.193
2019	12	12	0	0.184
2019	12	13	0	0.18
2019	12	14	0	0.178
2019	12	15	0	0.172
2019	12	16	0	0.172
2019	12	17	0	0.171
2019	12	18	0	0.169
2019	12	19	0	0.169
2019	12	20	0	0.168
2019	12	21	0	0.162
2019	12	22	0	0.159
2019	12	23	0	0.163
2019	12	24	0	0.161
2019	12	25	0	0.158
2019	12	26	0	0.154
2019	12	27	0	0.155
2019	12	28	0	0.15
2019	12	29	0	0.149
2019	12	30	0	0.154
2019	12	31	0	0.149
2020	1	1	0	0.149
2020	1	2	0	0.148
2020	1	3	0	0.148
2020	1	4	0	0.149
2020	1	5	0	0.143
2020	1	6	0	0.145
2020	1	7	0	0.144
2020	1	8	0	0.143
2020	1	9	0	0.14
2020	1	10	0	0.135
2020	1	11	0	0.132
2020	1	12	0	0.132
2020	1	13	0	0.131
2020	1	14	0	0.13
2020	1	15	0	0.128
2020	1	16	0	0.125
2020	1	17	0	0.124
2020	1	18	0	0.126
2020	1	19	0	0.122
2020	1	20	0	0.118
2020	1	21	0	0.12
2020	1	22	0	0.118
2020	1	23	0	0.115
2020	1	24	0	0.114
2020	1	25	0	0.114
2020	1	26	0	0.112
2020	1	27	0	0.11
2020	1	28	0	0.108
2020	1	29	0	0.108
2020	1	30	0	0.106
2020	1	31	0	0.107
2020	2	1	0	0.106
2020	2	2	0	0.116
2020	2	3	0	0.186
2020	2	4	0	0.182
2020	2	5	0	0.154
2020	2	6	0	0.152
2020	2	7	0	0.144
2020	2	8	0	0.137
2020	2	9	0	0.136
2020	2	10	0	0.135
2020	2	11	0	0.125
2020	2	12	0	0.128
2020	2	13	0	0.119
2020	2	14	0	0.122
2020	2	15	0	0.121
2020	2	16	0	0.12
2020	2	17	0	0.122
2020	2	18	0	0.114
2020	2	19	0	0.112
2020	2	20	0	0.111
2020	2	21	0	0.108
2020	2	22	0	0.105
2020	2	23	0	0.128
2020	2	24	0	0.142
2020	2	25	0	0.134
2020	2	26	0	0.129
2020	2	27	0	0.122
2020	2	28	0	0.115
2020	2	29	0	0.114
2020	3	1	0	0.109
2020	3	2	0	0.108
2020	3	3	0	0.105
2020	3	4	0	0.099
2020	3	5	0	0.097
2020	3	6	0	0.097
2020	3	7	0	0.094
2020	3	8	0	0.093
2020	3	9	0	0.091
2020	3	10	0	0.093
2020	3	11	0	0.122
2020	3	12	0	0.114
2020	3	13	0	0.115
2020	3	14	0	0.111
2020	3	15	0	0.106
2020	3	16	0	0.105
2020	3	17	0	0.108
2020	3	18	0	0.12
2020	3	19	0	0.142
2020	3	20	0	0.167
2020	3	21	0	0.184
2020	3	22	0	0.168
2020	3	23	0	0.153
2020	3	24	0	0.146
2020	3	25	0	0.143
2020	3	26	0	0.133
2020	3	27	0	0.128
2020	3	28	0	0.13
2020	3	29	0	0.134
2020	3	30	0	0.135
2020	3	31	0	0.129
2020	4	1	0	0.127
2020	4	2	0	0.125
2020	4	3	0	0.118
2020	4	4	0	0.12
2020	4	5	0	0.13
2020	4	6	0	0.152
2020	4	7	0	0.192
2020	4	8	0	0.241
2020	4	9	0	0.281
2020	4	10	0	0.309
2020	4	11	0	0.369
2020	4	12	0	0.423
2020	4	13	0	0.444
2020	4	14	0	0.429
2020	4	15	0	0.397
2020	4	16	0	0.399
2020	4	17	0	0.44
2020	4	18	0	0.549
2020	4	19	0	0.759
2020	4	20	0	0.836
2020	4	21	0	0.717
2020	4	22	0	0.633
2020	4	23	0	0.578
2020	4	24	0	0.619
2020	4	25	0	0.581
2020	4	26	0	0.582
2020	4	27	0	0.594
2020	4	28	0	0.546
2020	4	29	0	0.613
2020	4	30	0	0.466
2020	5	1	0	0.555
2020	5	2	0	0.546
2020	5	3	0	0.404
2020	5	4	0	0.402
2020	5	5	0	0.6
2020	5	6	0	0.801
2020	5	7	0	0.774
2020	5	8	0	0.761
2020	5	9	0	0.82
2020	5	10	0	0.966
2020	5	11	0	0.988
2020	5	12	0	0.965
2020	5	13	0	0.944
2020	5	14	0	0.945
2020	5	15	0	0.952
2020	5	16	0	0.893
2020	5	17	0	0.89
2020	5	18	0	0.933
2020	5	19	0	0.996
2020	5	20	0	1.017
2020	5	21	0	0.979
2020	5	22	0	1.025
2020	5	23	0	1.326
2020	5	24	0	1.417
2020	5	25	0	1.051
2020	5	26	0	0.909
2020	5	27	0	0.869
2020	5	28	0	0.846
2020	5	29	0	0.798
2020	5	30	0	0.758
2020	5	31	0	0.708
2020	6	1	0	0.689
2020	6	2	0	0.752
2020	6	3	0	0.832
2020	6	4	0	0.95
2020	6	5	0	1.115
2020	6	6	0	0.997
2020	6	7	0	1.018
2020	6	8	0	1.06
2020	6	9	0	0.999
2020	6	10	0	1.031
2020	6	11	0	1.211
2020	6	12	0	1.227
2020	6	13	0	1.275
2020	6	14	0	1.346
2020	6	15	0	1.411
2020	6	16	0	1.482
2020	6	17	0	1.491
2020	6	18	0	1.543
2020	6	19	0	1.659
2020	6	20	0	1.564
2020	6	21	0	1.44
2020	6	22	0	1.309
2020	6	23	0	1.235
2020	6	24	0	1.316
2020	6	25	0	1.428
2020	6	26	0	1.553
2020	6	27	0	1.71
2020	6	28	0	1.903
2020	6	29	0	2.265
2020	6	30	0	2.343
2020	7	1	0	2.098
2020	7	2	0	1.989
2020	7	3	0	2
2020	7	4	0	1.813
2020	7	5	0	1.719
2020	7	6	0	1.66
2020	7	7	0	1.549
2020	7	8	0	1.354
2020	7	9	0	1.247
2020	7	10	0	1.198
2020	7	11	0	1.374
2020	7	12	0	1.303
2020	7	13	0	1.18
2020	7	14	0	1.104
2020	7	15	0	1.033
2020	7	16	0	0.994
2020	7	17	0	1.057
2020	7	18	0	1.065
2020	7	19	0	0.994
2020	7	20	0	0.989
2020	7	21	0	0.976
2020	7	22	0	0.943
2020	7	23	0	0.946
2020	7	24	0	0.986
2020	7	25	0	0.934
2020	7	26	0	0.86
2020	7	27	0	0.844
2020	7	28	0	0.862
2020	7	29	0	0.854
2020	7	30	0	0.826
2020	7	31	0	0.794
2020	8	1	0	0.771
2020	8	2	0	0.741
2020	8	3	0	0.896
2020	8	4	0	1.128
2020	8	5	0	0.985
2020	8	6	0	0.894
2020	8	7	0	0.845
2020	8	8	0	0.808
2020	8	9	0	0.77
2020	8	10	0	0.774
2020	8	11	0	0.819
2020	8	12	0	0.74
2020	8	13	0	0.72
2020	8	14	0	0.665
2020	8	15	0	0.625
2020	8	16	0	0.595
2020	8	17	0	0.624
2020	8	18	0	0.602
2020	8	19	0	0.56
2020	8	20	0	0.533
2020	8	21	0	0.521
2020	8	22	0	0.533
2020	8	23	0	0.509
2020	8	24	0	0.47
2020	8	25	0	0.444
2020	8	26	0	0.425
2020	8	27	0	0.408
2020	8	28	0	0.404
2020	8	29	0	0.617
2020	8	30	0	0.668
2020	8	31	0	0.669
2020	9	1	0	0.61
2020	9	2	0	0.575
2020	9	3	0	0.533
2020	9	4	0	0.501
2020	9	5	0	0.498
2020	9	6	0	0.524
2020	9	7	0	0.608
2020	9	8	0	0.547
2020	9	9	0	0.521
2020	9	10	0	0.502
2020	9	11	0	0.484
2020	9	12	0	0.461
2020	9	13	0	0.439
2020	9	14	0	0.419
2020	9	15	0	0.402
2020	9	16	0	0.386
2020	9	17	0	0.374
2020	9	18	0	0.36
2020	9	19	0	0.348
2020	9	20	0	0.34
2020	9	21	0	0.333
2020	9	22	0	0.326
2020	9	23	0	0.325
2020	9	24	0	0.317
2020	9	25	0	0.349
2020	9	26	0	0.332
2020	9	27	0	0.323
2020	9	28	0	0.317
2020	9	29	0	0.302
2020	9	30	0	0.303
2020	10	1	0	0.305
2020	10	2	0	0.309
2020	10	3	0	0.34
2020	10	4	0	0.374
2020	10	5	0	0.377
2020	10	6	0	0.366
2020	10	7	0	0.369
2020	10	8	0	0.354
2020	10	9	0	0.341
2020	10	10	0	0.335
2020	10	11	0	0.332
2020	10	12	0	0.321
2020	10	13	0	0.314
2020	10	14	0	0.305
2020	10	15	0	0.301
2020	10	16	0	0.296
2020	10	17	0	0.289
2020	10	18	0	0.283
2020	10	19	0	0.273
2020	10	20	0	0.267
2020	10	21	0	0.269
2020	10	22	0	0.268
2020	10	23	0	0.269
2020	10	24	0	0.282
2020	10	25	0	0.266
2020	10	26	0	0.261
2020	10	27	0	0.256
2020	10	28	0	0.245
2020	10	29	0	0.239
2020	10	30	0	0.262
2020	10	31	0	0.277
2020	11	1	0	0.291
2020	11	2	0	0.352
2020	11	3	0	0.352
2020	11	4	0	0.346
2020	11	5	0	0.34
2020	11	6	0	0.336
2020	11	7	0	0.33
2020	11	8	0	0.322
2020	11	9	0	0.314
2020	11	10	0	0.306
2020	11	11	0	0.298
2020	11	12	0	0.292
2020	11	13	0	0.284
2020	11	14	0	0.276
2020	11	15	0	0.268
2020	11	16	0	0.264
2020	11	17	0	0.254
2020	11	18	0	0.248
2020	11	19	0	0.244
2020	11	20	0	0.235
2020	11	21	0	0.222
2020	11	22	0	0.22
2020	11	23	0	0.221
2020	11	24	0	0.216
2020	11	25	0	0.212
2020	11	26	0	0.208
2020	11	27	0	0.204
2020	11	28	0	0.199
2020	11	29	0	0.196
2020	11	30	0	0.197
2020	12	1	0	0.198
2020	12	2	0	0.196
2020	12	3	0	0.192
2020	12	4	0	0.19
2020	12	5	0	0.196
2020	12	6	0	0.191
2020	12	7	0	0.184
2020	12	8	0	0.177
2020	12	9	0	0.176
2020	12	10	0	0.174
2020	12	11	0	0.173
2020	12	12	0	0.17
2020	12	13	0	0.171
2020	12	14	0	0.171
2020	12	15	0	0.17
2020	12	16	0	0.168
2020	12	17	0	0.168
2020	12	18	0	0.158
2020	12	19	0	0.153
2020	12	20	0	0.152
2020	12	21	0	0.151
2020	12	22	0	0.157
2020	12	23	0	0.151
2020	12	24	0	0.151
2020	12	25	0	0.148
2020	12	26	0	0.134
2020	12	27	0	0.144
2020	12	28	0	0.154
2020	12	29	0	0.145
2020	12	30	0	0.141
2020	12	31	0	0.139
2021	1	1	0	0.138
2021	1	2	0	0.137
2021	1	3	0	0.135
2021	1	4	0	0.133
2021	1	5	0	0.131
2021	1	6	0	0.129
2021	1	7	0	0.126
2021	1	8	0	0.124
2021	1	9	0	0.121
2021	1	10	0	0.118
2021	1	11	0	0.116
2021	1	12	0	0.118
2021	1	13	0	0.117
2021	1	14	0	0.12
2021	1	15	0	0.117
2021	1	16	0	0.115
2021	1	17	0	0.114
2021	1	18	0	0.112
2021	1	19	0	0.111
2021	1	20	0	0.109
2021	1	21	0	0.108
2021	1	22	0	0.108
2021	1	23	0	0.107
2021	1	24	0	0.105
2021	1	25	0	0.103
2021	1	26	0	0.102
2021	1	27	0	0.101
2021	1	28	0	0.104
2021	1	29	0	0.104
2021	1	30	0	0.1
2021	1	31	0	0.104
2021	2	1	0	0.1
2021	2	2	0	0.098
2021	2	3	0	0.098
2021	2	4	0	0.096
2021	2	5	0	0.094
2021	2	6	0	0.094
2021	2	7	0	0.093
2021	2	8	0	0.092
2021	2	9	0	0.089
2021	2	10	0	0.088
2021	2	11	0	0.085
2021	2	12	0	0.081
2021	2	13	0	0.083
2021	2	14	0	0.082
2021	2	15	0	0.082
2021	2	16	0	0.081
2021	2	17	0	0.08
2021	2	18	0	0.078
2021	2	19	0	0.078
2021	2	20	0	0.077
2021	2	21	0	0.077
2021	2	22	0	0.076
2021	2	23	0	0.077
2021	2	24	0	0.078
2021	2	25	0	0.08
2021	2	26	0	0.082
2021	2	27	0	0.083
2021	2	28	0	0.08
2021	3	1	0	0.08
2021	3	2	0	0.082
2021	3	3	0	0.083
2021	3	4	0	0.082
2021	3	5	0	0.082
2021	3	6	0	0.08
2021	3	7	0	0.079
2021	3	8	0	0.078
2021	3	9	0	0.077
2021	3	10	0	0.075
2021	3	11	0	0.075
2021	3	12	0	0.075
2021	3	13	0	0.074
2021	3	14	0	0.074
2021	3	15	0	0.073
2021	3	16	0	0.072
2021	3	17	0	0.07
2021	3	18	0	0.07
2021	3	19	0	0.068
2021	3	20	0	0.067
2021	3	21	0	0.066
2021	3	22	0	0.065
2021	3	23	0	0.065
2021	3	24	0	0.066
2021	3	25	0	0.068
2021	3	26	0	0.069
2021	3	27	0	0.068
2021	3	28	0	0.069
2021	3	29	0	0.072
2021	3	30	0	0.082
2021	3	31	0	0.095
2021	4	1	0	0.118
2021	4	2	0	0.145
2021	4	3	0	0.153
2021	4	4	0	0.141
2021	4	5	0	0.133
2021	4	6	0	0.13
2021	4	7	0	0.122
2021	4	8	0	0.114
2021	4	9	0	0.109
2021	4	10	0	0.109
2021	4	11	0	0.111
2021	4	12	0	0.111
2021	4	13	0	0.107
2021	4	14	0	0.102
2021	4	15	0	0.098
2021	4	16	0	0.097
2021	4	17	0	0.094
2021	4	18	0	0.092
2021	4	19	0	0.091
2021	4	20	0	0.089
2021	4	21	0	0.088
2021	4	22	0	0.088
2021	4	23	0	0.094
2021	4	24	0	0.109
2021	4	25	0	0.124
2021	4	26	0	0.131
2021	4	27	0	0.152
2021	4	28	0	0.181
2021	4	29	0	0.202
2021	4	30	0	0.254
2021	5	1	0	0.322
2021	5	2	0	0.358
2021	5	3	0	0.276
2021	5	4	0	0.244
2021	5	5	0	0.234
2021	5	6	0	0.22
2021	5	7	0	0.222
2021	5	8	0	0.218
2021	5	9	0	0.273
2021	5	10	0	0.416
2021	5	11	0	0.648
2021	5	12	0	0.637
2021	5	13	0	0.481
2021	5	14	0	0.414
2021	5	15	0	0.392
2021	5	16	0	0.408
2021	5	17	0	0.463
2021	5	18	0	0.412
2021	5	19	0	0.395
2021	5	20	0	0.355
2021	5	21	0	0.332
2021	5	22	0	0.339
2021	5	23	0	0.372
2021	5	24	0	0.368
2021	5	25	0	0.416
2021	5	26	0	0.407
2021	5	27	0	0.424
2021	5	28	0	0.459
2021	5	29	0	0.497
2021	5	30	0	0.494
2021	5	31	0	0.527
2021	6	1	0	0.602
2021	6	2	0	0.75
2021	6	3	0	0.989
2021	6	4	0	1.209
2021	6	5	0	1.585
2021	6	6	0	1.891
2021	6	7	0	1.707
2021	6	8	0	1.616
2021	6	9	0	1.648
2021	6	10	0	1.688
2021	6	11	0	1.808
2021	6	12	0	1.633
2021	6	13	0	1.911
2021	6	14	0	2.011
2021	6	15	0	1.908
2021	6	16	0	2.145
2021	6	17	0	2.089
2021	6	18	0	2.121
2021	6	19	0	2.51
2021	6	20	0	2.92
2021	6	21	0	3.029
2021	6	22	0	2.798
2021	6	23	0	2.445
2021	6	24	0	2.253
2021	6	25	0	2.273
2021	6	26	0	1.978
2021	6	27	0	1.897
2021	6	28	0	1.817
2021	6	29	0	1.93
2021	6	30	0	1.815
2021	7	1	0	1.457
2021	7	2	0	1.17
2021	7	3	0	1.017
2021	7	4	0	1.038
2021	7	5	0	1.133
2021	7	6	0	1.066
2021	7	7	0	1.199
2021	7	8	0	1.303
2021	7	9	0	1.493
2021	7	10	0	1.192
2021	7	11	0	1.953
2021	7	12	0	1.621
2021	7	13	0	1.675
2021	7	14	0	1.783
2021	7	15	0	1.533
2021	7	16	0	1.396
2021	7	17	0	1.289
2021	7	18	0	1.564
2021	7	19	0	1.465
2021	7	20	0	1.31
2021	7	21	0	1.152
2021	7	22	0	1.045
2021	7	23	0	0.961
2021	7	24	0	0.905
2021	7	25	0	0.876
2021	7	26	0	0.778
2021	7	27	0	0.713
2021	7	28	0	0.678
2021	7	29	0	0.643
2021	7	30	0	0.66
2021	7	31	0	0.717
2021	8	1	0	0.773
2021	8	2	0	0.781
2021	8	3	0	0.722
2021	8	4	0	0.782
2021	8	5	0	1.241
2021	8	6	0	1.134
2021	8	7	0	1.051
2021	8	8	0	1.777
2021	8	9	0	1.504
2021	8	10	0	1.258
2021	8	11	0	1.104
2021	8	12	0	0.969
2021	8	13	0	0.863
2021	8	14	0	0.78
2021	8	15	0	0.726
2021	8	16	0	1.041
2021	8	17	0	1.108
2021	8	18	0	0.91
2021	8	19	0	0.806
2021	8	20	0	0.728
2021	8	21	0	0.671
2021	8	22	0	0.644
2021	8	23	0	0.674
2021	8	24	0	0.608
2021	8	25	0	0.572
2021	8	26	0	0.551
2021	8	27	0	0.539
2021	8	28	0	0.518
2021	8	29	0	0.512
2021	8	30	0	0.609
2021	8	31	0	0.681
2021	9	1	0	0.648
2021	9	2	0	0.615
2021	9	3	0	0.578
2021	9	4	0	0.546
2021	9	5	0	0.514
2021	9	6	0	0.487
2021	9	7	0	0.47
2021	9	8	0	0.456
2021	9	9	0	0.445
2021	9	10	0	0.432
2021	9	11	0	0.42
2021	9	12	0	0.407
2021	9	13	0	0.391
2021	9	14	0	0.378
2021	9	15	0	0.367
2021	9	16	0	0.372
2021	9	17	0	0.437
2021	9	18	0	0.372
2021	9	19	0	0.363
2021	9	20	0	0.364
2021	9	21	0	0.345
2021	9	22	0	0.333
2021	9	23	0	0.322
2021	9	24	0	0.311
2021	9	25	0	0.302
2021	9	26	0	0.294
2021	9	27	0	0.295
2021	9	28	0	0.287
2021	9	29	0	0.294
2021	9	30	0	0.286
2021	10	1	0	0.277
2021	10	2	0	0.27
2021	10	3	0	0.263
2021	10	4	0	0.256
2021	10	5	0	0.26
2021	10	6	0	0.274
2021	10	7	0	0.261
2021	10	8	0	0.257
2021	10	9	0	0.253
2021	10	10	0	0.247
2021	10	11	0	0.242
2021	10	12	0	0.238
2021	10	13	0	0.236
2021	10	14	0	0.229
2021	10	15	0	0.225
2021	10	16	0	0.221
2021	10	17	0	0.215
2021	10	18	0	0.208
2021	10	19	0	0.205
2021	10	20	0	0.202
2021	10	21	0	0.202
2021	10	22	0	0.198
2021	10	23	0	0.193
2021	10	24	0	0.189
2021	10	25	0	0.187
2021	10	26	0	0.184
2021	10	27	0	0.18
2021	10	28	0	0.177
2021	10	29	0	0.174
2021	10	30	0	0.172
2021	10	31	0	0.17
2021	11	1	0	0.174
2021	11	2	0	0.17
2021	11	3	0	0.166
2021	11	4	0	0.167
2021	11	5	0	0.16
2021	11	6	0	0.154
2021	11	7	0	0.155
2021	11	8	0	0.154
2021	11	9	0	0.151
2021	11	10	0	0.156
2021	11	11	0	0.154
2021	11	12	0	0.154
2021	11	13	0	0.156
2021	11	14	0	0.16
2021	11	15	0	0.156
2021	11	16	0	0.154
2021	11	17	0	0.152
2021	11	18	0	0.148
2021	11	19	0	0.145
2021	11	20	0	0.142
2021	11	21	0	0.14
2021	11	22	0	0.139
2021	11	23	0	0.137
2021	11	24	0	0.134
2021	11	25	0	0.137
2021	11	26	0	0.134
2021	11	27	0	0.131
2021	11	28	0	0.13
2021	11	29	0	0.128
2021	11	30	0	0.127
2021	12	1	0	0.129
2021	12	2	0	0.129
2021	12	3	0	0.12
2021	12	4	0	0.127
2021	12	5	0	0.121
2021	12	6	0	0.118
2021	12	7	0	0.116
2021	12	8	0	0.118
2021	12	9	0	0.115
2021	12	10	0	0.112
2021	12	11	0	0.111
2021	12	12	0	0.108
2021	12	13	0	0.11
2021	12	14	0	0.107
2021	12	15	0	0.106
2021	12	16	0	0.104
2021	12	17	0	0.103
2021	12	18	0	0.101
2021	12	19	0	0.101
2021	12	20	0	0.1
2021	12	21	0	0.095
2021	12	22	0	0.095
2021	12	23	0	0.097
2021	12	24	0	0.096
2021	12	25	0	0.094
2021	12	26	0	0.093
2021	12	27	0	0.093
2021	12	28	0	0.092
2021	12	29	0	0.092
2021	12	30	0	0.102
2021	12	31	0	0.093
2022	1	1	0	0.09
2022	1	2	0	0.09
2022	1	3	0	0.09
2022	1	4	0	0.092
2022	1	5	0	0.091
2022	1	6	0	0.086
2022	1	7	0	0.079
2022	1	8	0	0.088
2022	1	9	0	0.092
2022	1	10	0	0.087
2022	1	11	0	0.085
2022	1	12	0	0.084
2022	1	13	0	0.084
2022	1	14	0	0.085
2022	1	15	0	0.083
2022	1	16	0	0.082
2022	1	17	0	0.081
2022	1	18	0	0.08
2022	1	19	0	0.08
2022	1	20	0	0.08
2022	1	21	0	0.08
2022	1	22	0	0.079
2022	1	23	0	0.078
2022	1	24	0	0.078
2022	1	25	0	0.078
2022	1	26	0	0.077
2022	1	27	0	0.077
2022	1	28	0	0.077
2022	1	29	0	0.076
2022	1	30	0	0.076
2022	1	31	0	0.076
2022	2	1	0	0.077
2022	2	2	0	0.078
2022	2	3	0	0.076
2022	2	4	0	0.074
2022	2	5	0	0.073
2022	2	6	0	0.074
2022	2	7	0	0.079
2022	2	8	0	0.078
2022	2	9	0	0.073
2022	2	10	0	0.073
2022	2	11	0	0.072
2022	2	12	0	0.071
2022	2	13	0	0.072
2022	2	14	0	0.072
2022	2	15	0	0.071
2022	2	16	0	0.07
2022	2	17	0	0.08
2022	2	18	0	0.072
2022	2	19	0	0.069
2022	2	20	0	0.068
2022	2	21	0	0.068
2022	2	22	0	0.067
2022	2	23	0	0.066
2022	2	24	0	0.066
2022	2	25	0	0.065
2022	2	26	0	0.064
2022	2	27	0	0.061
2022	2	28	0	0.064
2022	3	1	0	0.064
2022	3	2	0	0.063
2022	3	3	0	0.062
2022	3	4	0	0.061
2022	3	5	0	0.061
2022	3	6	0	0.06
2022	3	7	0	0.059
2022	3	8	0	0.058
2022	3	9	0	0.059
2022	3	10	0	0.058
2022	3	11	0	0.058
2022	3	12	0	0.058
2022	3	13	0	0.058
2022	3	14	0	0.059
2022	3	15	0	0.059
2022	3	16	0	0.064
2022	3	17	0	0.064
2022	3	18	0	0.064
2022	3	19	0	0.064
2022	3	20	0	0.065
2022	3	21	0	0.067
2022	3	22	0	0.067
2022	3	23	0	0.071
2022	3	24	0	0.077
2022	3	25	0	0.084
2022	3	26	0	0.091
2022	3	27	0	0.098
2022	3	28	0	0.107
2022	3	29	0	0.114
2022	3	30	0	0.115
2022	3	31	0	0.115
2022	4	1	0	0.112
2022	4	2	0	0.104
2022	4	3	0	0.098
2022	4	4	0	0.095
2022	4	5	0	0.094
2022	4	6	0	0.095
2022	4	7	0	0.107
2022	4	8	0	0.127
2022	4	9	0	0.136
2022	4	10	0	0.118
2022	4	11	0	0.108
2022	4	12	0	0.114
2022	4	13	0	0.144
2022	4	14	0	0.195
2022	4	15	0	0.237
2022	4	16	0	0.241
2022	4	17	0	0.228
2022	4	18	0	0.222
2022	4	19	0	0.215
2022	4	20	0	0.213
2022	4	21	0	0.228
2022	4	22	0	0.236
2022	4	23	0	0.234
2022	4	24	0	0.236
2022	4	25	0	0.233
2022	4	26	0	0.23
2022	4	27	0	0.222
2022	4	28	0	0.226
2022	4	29	0	0.235
2022	4	30	0	0.248
2022	5	1	0	0.246
2022	5	2	0	0.246
2022	5	3	0	0.279
2022	5	4	0	0.291
2022	5	5	0	0.296
2022	5	6	0	0.298
2022	5	7	0	0.297
2022	5	8	0	0.32
2022	5	9	0	0.395
2022	5	10	0	0.481
2022	5	11	0	0.531
2022	5	12	0	0.617
2022	5	13	0	0.67
2022	5	14	0	0.714
2022	5	15	0	0.779
2022	5	16	0	0.868
2022	5	17	0	0.979
2022	5	18	0	0.986
2022	5	19	0	0.968
2022	5	20	0	1.177
2022	5	21	0	1.489
2022	5	22	0	1.518
2022	5	23	0	1.751
2022	5	24	0	1.774
2022	5	25	0	1.618
2022	5	26	0	1.297
2022	5	27	0	1.264
2022	5	28	0	1.207
2022	5	29	0	1.033
2022	5	30	0	0.912
2022	5	31	0	0.809
2022	6	1	0	0.833
2022	6	2	0	0.97
2022	6	3	0	1.027
2022	6	4	0	1.101
2022	6	5	0	1.224
2022	6	6	0	1.279
2022	6	7	0	1.702
2022	6	8	0	1.607
2022	6	9	0	1.871
2022	6	10	0	1.499
2022	6	11	0	1.219
2022	6	12	0	1.1
2022	6	13	0	1.145
2022	6	14	0	1.069
2022	6	15	0	1.005
2022	6	16	0	0.992
2022	6	17	0	0.953
2022	6	18	0	0.897
2022	6	19	0	0.87
2022	6	20	0	0.85
2022	6	21	0	0.808
2022	6	22	0	0.795
2022	6	23	0	0.804
2022	6	24	0	0.793
2022	6	25	0	0.883
2022	6	26	0	0.743
2022	6	27	0	0.695
2022	6	28	0	0.751
2022	6	29	0	0.735
2022	6	30	0	0.674
2022	7	1	0	0.655
2022	7	2	0	0.621
2022	7	3	0	0.599
2022	7	4	0	0.682
2022	7	5	0	0.821
2022	7	6	0	0.754
2022	7	7	0	0.697
2022	7	8	0	0.688
2022	7	9	0	0.644
2022	7	10	0	0.619
2022	7	11	0	0.597
2022	7	12	0	0.575
2022	7	13	0	0.545
2022	7	14	0	0.52
2022	7	15	0	0.498
2022	7	16	0	0.479
2022	7	17	0	0.459
2022	7	18	0	0.443
2022	7	19	0	0.43
2022	7	20	0	0.443
2022	7	21	0	0.431
2022	7	22	0	0.423
2022	7	23	0	0.617
2022	7	24	0	0.484
2022	7	25	0	0.469
2022	7	26	0	0.526
2022	7	27	0	0.474
2022	7	28	0	0.464
2022	7	29	0	0.521
2022	7	30	0	0.596
2022	7	31	0	0.532
2022	8	1	0	0.515
2022	8	2	0	0.515
2022	8	3	0	0.491
2022	8	4	0	0.477
2022	8	5	0	0.671
2022	8	6	0	0.706
2022	8	7	0	0.62
2022	8	8	0	0.578
2022	8	9	0	0.546
2022	8	10	0	0.524
2022	8	11	0	0.502
2022	8	12	0	0.48
2022	8	13	0	0.451
2022	8	14	0	0.431
2022	8	15	0	0.445
2022	8	16	0	0.43
2022	8	17	0	0.407
2022	8	18	0	0.393
2022	8	19	0	0.383
2022	8	20	0	0.445
2022	8	21	0	0.421
2022	8	22	0	0.396
2022	8	23	0	0.371
2022	8	24	0	0.352
2022	8	25	0	0.339
2022	8	26	0	0.33
2022	8	27	0	0.398
2022	8	28	0	0.37
2022	8	29	0	0.341
2022	8	30	0	0.356
2022	8	31	0	0.362
2022	9	1	0	0.319
2022	9	2	0	0.303
2022	9	3	0	0.308
2022	9	4	0	0.311
2022	9	5	0	0.289
2022	9	6	0	0.298
2022	9	7	0	0.307
2022	9	8	0	0.328
2022	9	9	0	0.339
2022	9	10	0	0.382
2022	9	11	0	0.382
2022	9	12	0	0.374
2022	9	13	0	0.359
2022	9	14	0	0.361
2022	9	15	0	0.377
2022	9	16	0	0.386
2022	9	17	0	0.388
2022	9	18	0	0.384
2022	9	19	0	0.381
2022	9	20	0	0.367
2022	9	21	0	0.358
2022	9	22	0	0.352
2022	9	23	0	0.347
2022	9	24	0	0.345
2022	9	25	0	0.339
2022	9	26	0	0.347
2022	9	27	0	0.365
2022	9	28	0	0.36
2022	9	29	0	0.364
2022	9	30	0	0.36
2022	10	1	0	-9999
2022	10	2	0	-9999
2022	10	3	0	-9999
2022	10	4	0	-9999
2022	10	5	0	-9999
2022	10	6	0	-9999
2022	10	7	0	-9999
2022	10	8	0	-9999
2022	10	9	0	-9999
2022	10	10	0	-9999
2022	10	11	0	-9999
2022	10	12	0	-9999
2022	10	13	0	-9999
2022	10	14	0	-9999
2022	10	15	0	-9999
2022	10	16	0	-9999
2022	10	17	0	-9999
2022	10	18	0	-9999
2022	10	19	0	-9999
2022	10	20	0	-9999
2022	10	21	0	-9999
2022	10	22	0	-9999
2022	10	23	0	-9999
2022	10	24	0	-9999
2022	10	25	0	-9999
2022	10	26	0	-9999
2022	10	27	0	-9999
2022	10	28	0	-9999
2022	10	29	0	-9999
2022	10	30	0	-9999
2022	10	31	0	-9999
2022	11	1	0	-9999
2022	11	2	0	-9999
2022	11	3	0	-9999
2022	11	4	0	-9999
2022	11	5	0	-9999
2022	11	6	0	-9999
2022	11	7	0	-9999
2022	11	8	0	-9999
2022	11	9	0	-9999
2022	11	10	0	-9999
2022	11	11	0	-9999
2022	11	12	0	-9999
2022	11	13	0	-9999
2022	11	14	0	-9999
2022	11	15	0	-9999
2022	11	16	0	-9999
2022	11	17	0	-9999
2022	11	18	0	-9999
2022	11	19	0	-9999
2022	11	20	0	-9999
2022	11	21	0	-9999
2022	11	22	0	-9999
2022	11	23	0	-9999
2022	11	24	0	-9999
2022	11	25	0	-9999
2022	11	26	0	-9999
2022	11	27	0	-9999
2022	11	28	0	-9999
2022	11	29	0	-9999
2022	11	30	0	-9999
2022	12	1	0	-9999
2022	12	2	0	-9999
2022	12	3	0	-9999
2022	12	4	0	-9999
2022	12	5	0	-9999
2022	12	6	0	-9999
2022	12	7	0	-9999
2022	12	8	0	-9999
2022	12	9	0	-9999
2022	12	10	0	-9999
2022	12	11	0	-9999
2022	12	12	0	-9999
2022	12	13	0	-9999
2022	12	14	0	-9999
2022	12	15	0	-9999
2022	12	16	0	-9999
2022	12	17	0	-9999
2022	12	18	0	-9999
2022	12	19	0	-9999
2022	12	20	0	-9999
2022	12	21	0	-9999
2022	12	22	0	-9999
2022	12	23	0	-9999
2022	12	24	0	-9999
2022	12	25	0	-9999
2022	12	26	0	-9999
2022	12	27	0	-9999
2022	12	28	0	-9999
2022	12	29	0	-9999
2022	12	30	0	-9999
2022	12	31	0	-9999
2023	1	1	0	-9999
